9.090814331316200025e+01
8.406619341420633873e+01
8.421988144507672303e+01
8.020449831464495105e+01
8.497111861014720091e+01
8.799980123797850240e+01
9.129643818213027373e+01
8.230992387038203617e+01
8.676762804423310627e+01
8.267364110620928841e+01
8.514855220356314192e+01
8.566246125683458956e+01
8.465914777559650872e+01
8.246808581408623695e+01
8.038047249021705909e+01
8.662247816384891053e+01
8.303908154525004193e+01
8.424144126561724022e+01
9.459539347888983229e+01
8.452705063140599862e+01
8.594795652099644201e+01
8.931169090362507745e+01
8.993633543494560456e+01
8.672322381519610701e+01
8.913343506335392874e+01
8.108129045058983309e+01
8.045329459718877274e+01
8.166121798584039482e+01
8.144306997403279524e+01
8.617110115139654170e+01
8.343767131923895874e+01
8.621271064044533716e+01
8.317679295405422124e+01
8.107781796922378703e+01
8.644101584369846591e+01
8.756244478299819889e+01
8.091333476743464814e+01
8.302859680031387768e+01
8.150633519414641626e+01
8.662412159838791581e+01
8.178731747037316779e+01
8.754083408641696451e+01
8.975800128150849844e+01
8.703360878919129107e+01
8.246561062538475539e+01
8.105239928584931874e+01
8.059998219000614483e+01
8.241165230709623302e+01
9.012977418502576654e+01
8.142670671504139079e+01
9.705730573221340762e+01
8.501359677661318415e+01
8.594795652099644201e+01
9.026257937054175784e+01
8.993633543494560456e+01
8.873526864685194937e+01
8.900374232022259946e+01
8.783987699767958190e+01
8.048512168789045518e+01
8.117293402138722058e+01
8.144306997403279524e+01
9.131081261194451315e+01
8.251713850891206903e+01
8.237616432575529757e+01
8.086693019577029418e+01
8.163178376616602350e+01
8.129391813654220300e+01
8.793397140899128317e+01
8.599205762742801085e+01
8.784339316798508435e+01
8.555535530255829713e+01
8.092142181825333580e+01
8.309340917946914828e+01
8.578829958165444225e+01
8.401609087916553165e+01
8.468673324414272940e+01
8.515929297919500129e+01
8.120993972589435828e+01
8.116787722516464498e+01
8.519511177385453493e+01
8.323590355183365830e+01
8.143509707885634441e+01
9.271771310527140031e+01
8.319969670727789435e+01
8.594795652099644201e+01
8.303381165611173742e+01
8.903508156595357548e+01
8.328935496079908773e+01
8.961609898227855808e+01
8.335389754027256970e+01
8.375832554686883213e+01
8.267937504356679312e+01
8.144306997403279524e+01
8.422362023357804617e+01
8.265426270804424291e+01
8.302402950878006038e+01
8.104670619391448838e+01
8.149266224676865988e+01
8.351040011207447833e+01
9.291885352671363307e+01
8.255726307306383660e+01
8.406824892738474375e+01
8.191937287840846693e+01
8.002669531280284332e+01
8.248357309665540527e+01
8.607815344115955725e+01
8.432935212181619988e+01
8.762813272842842593e+01
8.255126797346945011e+01
8.047120776136412701e+01
8.266991979748586061e+01
8.840928524105257225e+01
8.528227946707814056e+01
8.145316861236663897e+01
8.338431983701362071e+01
8.762056340730939041e+01
8.611385124864905549e+01
8.113567901315404640e+01
9.036557017739791320e+01
8.341621990440657441e+01
9.079986479968025037e+01
8.335389754027256970e+01
8.848302170938860911e+01
8.195117339911858778e+01
8.175956565953040922e+01
8.071060275781276516e+01
8.271169120422349863e+01
8.213503880346979713e+01
8.102228622623911747e+01
8.051042244304981921e+01
8.355563730466869288e+01
8.177703832721422827e+01
8.380334949874600170e+01
9.024666178666909389e+01
8.306539430884848230e+01
8.002669531280284332e+01
8.979589610669417254e+01
8.657038285245046438e+01
8.556122186669752239e+01
8.762813272842842593e+01
8.296748036848813967e+01
8.126085865626833993e+01
8.191018521405692354e+01
8.501763246488069115e+01
8.526304757530441236e+01
8.151499581081223766e+01
8.564352683986032844e+01
8.439448520057348446e+01
8.611385124864905549e+01
8.244128820545699909e+01
8.842922916127051280e+01
9.254142155541117631e+01
9.079986479968025037e+01
8.141852030654185057e+01
8.848302170938860911e+01
8.180206159489301854e+01
8.175956565953040922e+01
8.329699895865390147e+01
8.327724535545613094e+01
8.624167034293735412e+01
8.255476916934649978e+01
8.522768194015415588e+01
8.196219160704009710e+01
8.212517391712758297e+01
9.043887077733059243e+01
8.503963085882087114e+01
8.441533515396810117e+01
8.553170363007673416e+01
8.507165129103573520e+01
8.485356056130052593e+01
8.686012469835705474e+01
8.589222249876522142e+01
8.619017932429179041e+01
8.404796616320879821e+01
8.268301977299044836e+01
8.374724524518377677e+01
8.293430764723252935e+01
8.059668460692240899e+01
8.561984803801533417e+01
8.015982092412531301e+01
8.611385124864905549e+01
8.154399324972807506e+01
8.836884859831573635e+01
8.415072468272352069e+01
8.869037898172454959e+01
8.070714962421021710e+01
9.059005462881286519e+01
8.173103779921576972e+01
8.175956565953040922e+01
8.556124812542300617e+01
8.356411070826881371e+01
8.984541585943829034e+01
8.296330453305570529e+01
8.062861837666632425e+01
8.123464875301371535e+01
8.212517391712758297e+01
8.251927437432651402e+01
8.436688686750761690e+01
8.441533515396810117e+01
8.128573057488132747e+01
8.516130672244170796e+01
8.251743738723817501e+01
8.484736110816471921e+01
9.042325830934892394e+01
8.924097683516549750e+01
8.404796616320879821e+01
8.202287677019961620e+01
8.695318424060074847e+01
8.732387374100287047e+01
8.307458916416602790e+01
8.446038859049384939e+01
8.815689169158554250e+01
8.588889771369825610e+01
8.539478311439967229e+01
8.835197062690228620e+01
8.192535961421964430e+01
8.874551077637882202e+01
8.186824780476862884e+01
8.796423100835177422e+01
8.107852951200032976e+01
8.159540815423964943e+01
8.502804200542703938e+01
8.322390275695974537e+01
8.791748265200706669e+01
8.305232950057114749e+01
8.065603281269352465e+01
8.212410623781842389e+01
8.212517391712758297e+01
8.507264912051839190e+01
8.676760258126473957e+01
8.335649210447138557e+01
8.019600234241742953e+01
8.516130672244170796e+01
8.366894735535541372e+01
8.717769504708165584e+01
9.042325830934892394e+01
8.905546154196338193e+01
8.435351048595171619e+01
8.117517442528446736e+01
8.492744453055070153e+01
9.555759981213337539e+01
8.871358146046857485e+01
9.562347063689539084e+01
8.398360657046600863e+01
8.588889771369825610e+01
8.226593947429024922e+01
8.869752616707415882e+01
8.195680446957142351e+01
8.874551077637882202e+01
8.131354697077946980e+01
8.825928091465722503e+01
8.790541816161271527e+01
8.133484359905469319e+01
8.382179812808065833e+01
8.104130541428625634e+01
8.493631399781922653e+01
8.363383631200146340e+01
8.088039318883438966e+01
8.174043182455277190e+01
8.352318499362296222e+01
8.978419586931539698e+01
8.317305874558746837e+01
8.160774053915274351e+01
8.019305942433732071e+01
8.435806700766107724e+01
8.537296480174171620e+01
8.552156257257483674e+01
8.344963292736980520e+01
8.435000446339222435e+01
8.387337554789823457e+01
8.118823573699533824e+01
8.233065667953633238e+01
8.894474084853186469e+01
8.403866687447745676e+01
9.076776155936218515e+01
8.388717566161506056e+01
8.496202349952561406e+01
8.312700433988406701e+01
9.176810718531446298e+01
8.724751082079670539e+01
8.874551077637882202e+01
8.125737560980662977e+01
8.825928091465722503e+01
8.628822049658215576e+01
8.133484359905469319e+01
8.218842837042863891e+01
8.295861288478144502e+01
8.271312570203070891e+01
8.506970995128547486e+01
8.321571460085804972e+01
8.204696337204340750e+01
8.315039304541019760e+01
8.129389184599536122e+01
8.034270205776422813e+01
8.285962781210592709e+01
8.098765472729496651e+01
8.323145956124226075e+01
8.416805974627821740e+01
8.791798606885805611e+01
8.401580475010371174e+01
8.660203601544517937e+01
8.616725370879099444e+01
8.079310242073017889e+01
8.294061534285778237e+01
8.538587321698409482e+01
8.403866687447745676e+01
9.445620865915381614e+01
8.388717566161506056e+01
8.285464094248608546e+01
8.382146273316971019e+01
9.176810718531446298e+01
8.708383787788308439e+01
8.874551077637882202e+01
8.125737560980662977e+01
8.744300911059383452e+01
8.597095356190303050e+01
8.133484359905469319e+01
8.357154252807575290e+01
8.424074542749997363e+01
8.358875179376420306e+01
8.549368595962133099e+01
8.162276809825036139e+01
8.362616120864164770e+01
8.315039304541019760e+01
8.614651933150894081e+01
7.999315246747900687e+01
8.303249960531100271e+01
8.058897837503963046e+01
8.090175721405172737e+01
8.448882945617701523e+01
8.330132820042213382e+01
8.133315938994635985e+01
8.573741819536047615e+01
8.286772629004063617e+01
8.384603920780789110e+01
8.424111361674306409e+01
8.570688529499012986e+01
8.658023020706032469e+01
9.022100535809774158e+01
8.740929579245867842e+01
8.247472598851548753e+01
8.392662176880500624e+01
9.153434945157673042e+01
8.125680782332730701e+01
8.891311980525269121e+01
8.125737560980662977e+01
8.877266039116588558e+01
8.417925474556530219e+01
8.344320336561352747e+01
8.360867007769640225e+01
8.423016780565077966e+01
8.358875179376420306e+01
8.173638413279354609e+01
8.145241603768704408e+01
8.361915457615137370e+01
8.315039304541019760e+01
8.111681825734991946e+01
8.009432951917777643e+01
8.510173804189331292e+01
8.262814948159470418e+01
8.167034599822167706e+01
8.162829794449835674e+01
8.806541332350998630e+01
8.529183616407186719e+01
9.327241448033682047e+01
8.646234265714640799e+01
8.519064076869430835e+01
8.527839416969736419e+01
8.532971200954136748e+01
8.729817443107506847e+01
9.056107466097147096e+01
8.826288837845109470e+01
8.269402735054880793e+01
8.666299326470370090e+01
9.116280971689565149e+01
8.031438544722279005e+01
8.814077577462266788e+01
8.161388694588832493e+01
8.736729904050719142e+01
8.292126145971049311e+01
8.115500613289863452e+01
8.322873267410193421e+01
8.422604739275244867e+01
8.372498555701946543e+01
8.149279205141030502e+01
8.211155765114718008e+01
8.352240899846869127e+01
8.366606106191095193e+01
8.108915482560783516e+01
8.056308711369679543e+01
8.540191834714258334e+01
8.280376701118981941e+01
8.102003892350661829e+01
8.306135666267095985e+01
8.354834080478146063e+01
8.326970091440850297e+01
8.927582839608993481e+01
8.807205001507887232e+01
8.885240124205280665e+01
8.350247407345011652e+01
8.383201631782307572e+01
9.017855727723734560e+01
8.321312227345440249e+01
8.304127382360675824e+01
8.521757941399401659e+01
8.424466012207130916e+01
9.115749889074305656e+01
8.314015528215419693e+01
8.814077577462266788e+01
8.161388694588832493e+01
8.225154484099442698e+01
8.124507187415258613e+01
8.149004819781839615e+01
8.750178873199105567e+01
8.092934902583780854e+01
8.390158663264148231e+01
8.201394766183706508e+01
8.208276935143129549e+01
8.857539359201636842e+01
8.119523944850845965e+01
8.075200956352398407e+01
8.345501323677714822e+01
8.579348727343153769e+01
8.280376701118981941e+01
8.135856861279320640e+01
8.472182786474908767e+01
8.522029970302952506e+01
8.658974838765323057e+01
8.515937663491953913e+01
8.516172029672512167e+01
8.361639416423719240e+01
8.371268322173349929e+01
8.468871068863505513e+01
8.830299391079569205e+01
8.369206522551770888e+01
8.106742652796117454e+01
8.683365989875466084e+01
9.143470362784496785e+01
9.133911902291615093e+01
8.304127339794416685e+01
8.814077577462266788e+01
8.128990446810249182e+01
8.103981650377797052e+01
8.115912004661571189e+01
8.571631739655235549e+01
8.374486836424327407e+01
8.152271057959464429e+01
8.390158663264148231e+01
8.175724807070895395e+01
8.272134798742960982e+01
8.714377743787629527e+01
8.941191071391146750e+01
8.077929049353920732e+01
8.277642911013543880e+01
8.348420628952200673e+01
8.207897473349623851e+01
8.246804387497749644e+01
8.217354980254867769e+01
8.358900780614210646e+01
8.471565123194039870e+01
8.462339546764597742e+01
8.519047449469969990e+01
8.302288588039826323e+01
8.580807644924176714e+01
8.468871068863505513e+01
8.828776936033636957e+01
8.988016727426109753e+01
8.116379636455977220e+01
9.024448489395108197e+01
8.225202069433589713e+01
9.133911902291615093e+01
8.843717884157751996e+01
8.788588363928454328e+01
8.099129055024010881e+01
8.088789720860755494e+01
8.803781809384628332e+01
8.571631739655235549e+01
9.075901041532503655e+01
8.368779945618302918e+01
8.390158663264148231e+01
8.534217427106254661e+01
8.173261735802586259e+01
8.146269711031266070e+01
8.394200410592461026e+01
8.266173796691647624e+01
8.216897370611087581e+01
8.195327764442319562e+01
8.174456776276657877e+01
8.501008243836105294e+01
8.599260279571136323e+01
8.220344242378627087e+01
8.471565123194039870e+01
8.343849516077261796e+01
8.384189318047782535e+01
8.752817831132126969e+01
8.611250860001614171e+01
8.474655770068207516e+01
8.828776936033636957e+01
8.568949553309658995e+01
8.089673684175168944e+01
8.909333582950496577e+01
8.053543883733536290e+01
9.115793450438857803e+01
9.707356218063364395e+01
8.931521042097726593e+01
8.129423704498974246e+01
8.088789720860755494e+01
8.187206439698645966e+01
8.046158551779960533e+01
8.266172715683114802e+01
8.368779945618302918e+01
8.427358526349284773e+01
8.807012269892190659e+01
8.213604570107267477e+01
8.177487921021990758e+01
8.306290360156178565e+01
8.227741890285838622e+01
8.155064574757639662e+01
8.361654633251899327e+01
8.223128702823893832e+01
8.451076227882350622e+01
8.142592867058141337e+01
8.167902309947311323e+01
8.547253674800867884e+01
8.347931137057535977e+01
8.100473412490291025e+01
8.740139038764532131e+01
8.389761483413477094e+01
8.474655770068207516e+01
8.539014308328549419e+01
8.207649365015294052e+01
8.232905989334886954e+01
8.385981119081942836e+01
8.307134349125439599e+01
9.029122610102326973e+01
9.216397358849719978e+01
8.912879560509070132e+01
8.086099828749284768e+01
8.168355286178520203e+01
9.497806236431590321e+01
8.110622900204086250e+01
8.436786700637384229e+01
8.368779945618302918e+01
8.427358526349284773e+01
9.459076016104513940e+01
8.257687835297240042e+01
8.705181852813414878e+01
8.879816718803967035e+01
8.217485968112394801e+01
8.118370308643544320e+01
8.412971473902490516e+01
8.503827314941401028e+01
8.122784475582369623e+01
8.036485833848854554e+01
8.202459694456264572e+01
8.128893390554820542e+01
8.479365940583980432e+01
8.357833113735354402e+01
8.478892354612017357e+01
8.374413443043263783e+01
8.191650750632312850e+01
8.629683146284754969e+01
8.103703197594718688e+01
8.068303530770724308e+01
8.511058064782581312e+01
8.307134349125439599e+01
9.092569787413670213e+01
9.326595657449591670e+01
8.909101488308854755e+01
8.086099828749284768e+01
8.492064802705166926e+01
8.348419047317678121e+01
8.292030112836437183e+01
8.149975560957850007e+01
8.130036963102034520e+01
8.458356824122394357e+01
8.832351010729757945e+01
8.242912285285892438e+01
8.517408994045050008e+01
9.455030142077895050e+01
8.685323864409077999e+01
8.118370308643544320e+01
9.275475253870844483e+01
8.772967983608587872e+01
9.016866871361631297e+01
8.169753949894915479e+01
9.007436360806565290e+01
8.183162139500753085e+01
8.396621976497125672e+01
8.357833113735354402e+01
8.219473592727911182e+01
8.256538478699857819e+01
8.047259154299710815e+01
8.814257218845418151e+01
8.562350671922105505e+01
8.068303530770724308e+01
8.387337113178062964e+01
8.628980200246162724e+01
9.068482125132258886e+01
8.446863353162454757e+01
8.911925565626789592e+01
8.086099828749284768e+01
8.513174375784495851e+01
8.678162148377678875e+01
8.240810359677892905e+01
8.148506003916446616e+01
8.130036963102034520e+01
8.144061386344948517e+01
8.394004507745626142e+01
8.222624286304302643e+01
8.190613939613801620e+01
8.781979180742384017e+01
8.078183908205934927e+01
8.128774856449480524e+01
8.656096347735690699e+01
8.152297632843912822e+01
9.542858479988026943e+01
8.247042543424133498e+01
8.414597707944578531e+01
8.889805682895469374e+01
8.632042572571070593e+01
8.158725154706378646e+01
8.031549461899822973e+01
8.143161852355014219e+01
8.084635872683598734e+01
8.308986874286691204e+01
8.347386717698877590e+01
8.157012763841690628e+01
8.041506618025574937e+01
8.664119753367158694e+01
9.060885697516083326e+01
8.446863353162454757e+01
8.612655612422014428e+01
8.109266930408469420e+01
8.513174375784495851e+01
8.502318295220440802e+01
8.154856610651107474e+01
8.148506003916446616e+01
8.130036963102034520e+01
8.142052649959111932e+01
8.389048028875224361e+01
8.441434253862954051e+01
8.789249798473757380e+01
8.090104128639217151e+01
8.953118847756742582e+01
8.103307774522454565e+01
8.550340054683992719e+01
8.144785745059326132e+01
8.519039553045406876e+01
8.443041596025967976e+01
8.516546159786955172e+01
8.458860620053337698e+01
8.463019067636146531e+01
8.273666301400224654e+01
8.039241333402938494e+01
8.571823266849769141e+01
8.316329751037336848e+01
8.604272202637309874e+01
8.548840782185446585e+01
8.350712162919010950e+01
8.489854836114822945e+01
8.664119753367158694e+01
9.025708047841661141e+01
8.918925549369974703e+01
8.842426378440298151e+01
8.304272372605579733e+01
8.524880014130646089e+01
8.937732449375252486e+01
8.571381602878571471e+01
8.266467493862174365e+01
8.024979309267031624e+01
8.160827047702150594e+01
8.080528404206775406e+01
8.388859334255104727e+01
8.864096178841130325e+01
8.128982201504646810e+01
8.279358820341784053e+01
8.086361937415274781e+01
8.151618497741333158e+01
8.237260548200963228e+01
8.634884113730817035e+01
8.354243693165247464e+01
8.200217173508966084e+01
8.228378192738291830e+01
8.491210301688779793e+01
8.273666301400224654e+01
8.109850051361064516e+01
8.171742291334962260e+01
8.381428243643745191e+01
8.492537519657867051e+01
8.312312775468650727e+01
8.178044303798736792e+01
8.231006769472493545e+01
8.375467569777428878e+01
9.046518539306235596e+01
8.417994325139299860e+01
8.976943669091450317e+01
8.304272372605579733e+01
8.524880014130646089e+01
8.966232077804984613e+01
8.449009546007464166e+01
8.165683637437423670e+01
8.348418934757569332e+01
8.231374801037435418e+01
8.846748231015826036e+01
8.294775647392857820e+01
8.326816297625229879e+01
8.179199628247728526e+01
8.738646113619584810e+01
8.086361937415274781e+01
8.124204545517180520e+01
8.399993480712495852e+01
8.675176371010645937e+01
8.352490531916434691e+01
8.274645403208596406e+01
8.361774145557787108e+01
8.491210301688779793e+01
8.041904766446924668e+01
8.148182138485611858e+01
8.284671129257203859e+01
8.149617088395500275e+01
8.310559566014978827e+01
8.373676800619413996e+01
8.269230627096551700e+01
8.257851335251022817e+01
8.382248847073641684e+01
9.299488601026305901e+01
8.394637815110819190e+01
8.882575910619738124e+01
8.304272372605579733e+01
8.524880014130646089e+01
8.341072976332301891e+01
8.801285975585527410e+01
8.220777848977954250e+01
8.375689830727236540e+01
8.559155275341147728e+01
8.522624217725758911e+01
8.097506474145546917e+01
8.825318338952969555e+01
8.070767576141156496e+01
8.357879743588125621e+01
8.134339883855936648e+01
8.121900231110807056e+01
8.258735569138195842e+01
8.675176371010645937e+01
8.104834511476710190e+01
8.119844849040170232e+01
8.271211163576950298e+01
8.196546110375818728e+01
8.013524018097649559e+01
8.216717365950563590e+01
8.233887226657768110e+01
8.764387971044388337e+01
8.310559566014978827e+01
8.501194065240218833e+01
8.108246381518077328e+01
9.120139132460089115e+01
8.222378176101467773e+01
9.277016543717843433e+01
8.228796168479830442e+01
9.100697483880698258e+01
8.307501181424569836e+01
8.418866649210072239e+01
8.287054891173862359e+01
8.801285975585527410e+01
8.220777848977954250e+01
8.252124562187944434e+01
8.553923131321511164e+01
9.227321282790505563e+01
8.028274551194677144e+01
8.825318338952969555e+01
8.158968696329752390e+01
8.115484089794466627e+01
8.295581018638961268e+01
9.023675160631248104e+01
8.094450567182656187e+01
8.220849443676968349e+01
8.158619409925216814e+01
8.122096720898311162e+01
8.214744923774219387e+01
8.193658276126460294e+01
8.310661707791412312e+01
8.057155161930879217e+01
8.233887226657768110e+01
8.116612530042057472e+01
8.487664597015034929e+01
8.347349689605648848e+01
8.736756703923671807e+01
8.457307333530079063e+01
8.166477362969911269e+01
9.188106418477757131e+01
8.798458860286730499e+01
8.965976662820659726e+01
8.302447975692558657e+01
8.434190435866464952e+01
8.420546096899482791e+01
8.197956206079823005e+01
8.284007923121133388e+01
8.037062293835823823e+01
8.478156670297163089e+01
9.286925713020345086e+01
8.451901028535769456e+01
8.488274807446489945e+01
8.168666778977649301e+01
8.132670025684075199e+01
8.281154713708394866e+01
8.705764756399267412e+01
8.075722698381994746e+01
8.452270008311087679e+01
9.133143756689941029e+01
7.995170024391673280e+01
8.830787867010346304e+01
9.100753402966965666e+01
8.935442622584186267e+01
8.103096624707742990e+01
8.047851086262993192e+01
8.613670784165221050e+01
8.418207715460437157e+01
8.128017088097922738e+01
8.852732962218493640e+01
9.017721967019960516e+01
8.117501372734298570e+01
9.035131739669446915e+01
8.781311805214396315e+01
9.128996916789830607e+01
8.228335200187085263e+01
8.606667937392747092e+01
8.419906392095398928e+01
8.388594781145037871e+01
8.284007923121133388e+01
8.074396222489231434e+01
8.184879986402511065e+01
9.128975487205045170e+01
8.255866883809802914e+01
8.784084349149432569e+01
8.376590208871257914e+01
8.131820757278394751e+01
8.615103955136810043e+01
8.474027451932597899e+01
7.998469361236935526e+01
8.280330410816431197e+01
8.548168599483489061e+01
8.109188077550011542e+01
8.469738477537106291e+01
9.100753402966965666e+01
8.231851405286907664e+01
8.227659822011081303e+01
8.113674400192989822e+01
8.647329695494481427e+01
9.014109806417145876e+01
8.253106658742972002e+01
8.574789207702468730e+01
8.512602033675582902e+01
8.184938111497234559e+01
9.035131739669446915e+01
8.170354386328448015e+01
9.003751935377768234e+01
8.279907413750783007e+01
8.606667937392747092e+01
8.291187118186545035e+01
8.506778486831937869e+01
8.244871939685783957e+01
8.063420903325709332e+01
8.220087687399647791e+01
9.406798318653679303e+01
8.115135710216706855e+01
9.066669049682123216e+01
8.376590208871257914e+01
8.131820757278394751e+01
8.339752984074378617e+01
8.134670142015349370e+01
8.067344507675832688e+01
7.976920626925274860e+01
8.757115156668530176e+01
8.202337311553166899e+01
8.587628160936709776e+01
8.398752756777848560e+01
8.157213111801922878e+01
8.499107941608754402e+01
8.458695523768088265e+01
8.489755041301087601e+01
8.140589779850807872e+01
8.018788542607819636e+01
8.187819579409706705e+01
8.443662618023302002e+01
8.233327178089020038e+01
8.862876252668908705e+01
8.680901723667679448e+01
8.860548845007468799e+01
8.364803114616366031e+01
8.522316534082249007e+01
8.291187118186545035e+01
8.270296763439260701e+01
8.292356494155121993e+01
8.256884490060816972e+01
8.695710447541489430e+01
8.468566525067301143e+01
8.130500199517931037e+01
8.368713146539566594e+01
8.376590208871257914e+01
8.127487753204771082e+01
9.168415016444032517e+01
8.134670142015349370e+01
8.075281023127213587e+01
8.216505113606088173e+01
8.362192280455370508e+01
8.260824501188461966e+01
8.202884422978162604e+01
8.521891542432852873e+01
8.607545143158469614e+01
8.488475234640355893e+01
8.610415113606390491e+01
8.304598166250934810e+01
8.481824706234601763e+01
8.054311306716317631e+01
8.405743269079850677e+01
8.686914822619274901e+01
8.233327178089020038e+01
8.885726231870766867e+01
8.680901723667679448e+01
8.979063095311181542e+01
8.542278739242514973e+01
8.400545408216181897e+01
8.339404034230501850e+01
8.049220149583860007e+01
8.058290014137219259e+01
8.322782373480734464e+01
8.354428116091040124e+01
8.374144637416745240e+01
8.472842794647451115e+01
8.863229822298167448e+01
8.311678682890892844e+01
8.127812107244957929e+01
8.239501928518241414e+01
8.122238142746863332e+01
8.494982920159547746e+01
8.415223648826959391e+01
8.180308024364356356e+01
8.204598675799611840e+01
8.183179788824868695e+01
8.707265335680493479e+01
8.043527557061257482e+01
8.561202171015108320e+01
8.159837921342338518e+01
8.454675879406798344e+01
8.334435003297029709e+01
7.997752778390147910e+01
8.617308977835611472e+01
8.932207075946826080e+01
8.418237172894774289e+01
9.004824210078798785e+01
8.357943843196349576e+01
8.868366037955684078e+01
8.371077055112803578e+01
8.341731288004390876e+01
8.338677161168575935e+01
8.203866023933578333e+01
8.058290014137219259e+01
8.282175359420396887e+01
8.502220313059760315e+01
8.656700865035115555e+01
8.555422525666850220e+01
8.536831544173737996e+01
8.311678682890892844e+01
8.040750271145923023e+01
8.167557068027092271e+01
8.428307958322039894e+01
8.508720564397971486e+01
8.218079210935677281e+01
8.492492214002351147e+01
8.225472849908621242e+01
8.499805657050383445e+01
8.254998760524374291e+01
8.708814358023292357e+01
8.705591954463420734e+01
8.976330739639159617e+01
8.329900718896686840e+01
8.200260870350352604e+01
7.980388281484542290e+01
8.268772384537854236e+01
8.932207075946826080e+01
8.306098678695130388e+01
9.186862316264472383e+01
8.357943843196349576e+01
8.884159725565183408e+01
8.255562097662492249e+01
8.176122817721658009e+01
8.445635073330447540e+01
8.203866023933578333e+01
8.030194687297615985e+01
8.376180464890879307e+01
8.967806798144091829e+01
8.538742029286478896e+01
8.542546005248010488e+01
8.518138227879474300e+01
8.311678682890892844e+01
8.664791676802366283e+01
8.217807583496532686e+01
8.203934047881388381e+01
8.131580324743991639e+01
8.251691779593208764e+01
8.295583910179273346e+01
8.609494108707605164e+01
8.259304848904398000e+01
8.242974919406847789e+01
8.574214474307660794e+01
8.617059703799156978e+01
8.976330739639159617e+01
8.390761680288716207e+01
8.376542527647657721e+01
8.011797085120605288e+01
8.234503694273615793e+01
8.606387445036138217e+01
8.060317887616577082e+01
9.065520138860802035e+01
8.059801571026571310e+01
8.908663023181320284e+01
8.394011399308928389e+01
8.106113173300245478e+01
8.457135962197521906e+01
8.202399237845318680e+01
8.278894593345290787e+01
8.084643728356344639e+01
8.080131714022815004e+01
8.313197176750200867e+01
8.537544448776445449e+01
8.830974306071009039e+01
8.705974912506644614e+01
9.366007295776569208e+01
8.692745289974419620e+01
8.186224320908107188e+01
8.956681590686577010e+01
8.384065001917565496e+01
8.295583910179273346e+01
8.105646313224619348e+01
8.379007978096150566e+01
8.282184608260222092e+01
8.121849695485992982e+01
9.038069713743577438e+01
8.338057197477937166e+01
8.345925849961092524e+01
8.200039405426629457e+01
8.497982741358781311e+01
8.322583336624224160e+01
8.698709863272929965e+01
8.672251056819246173e+01
8.936026058902308478e+01
8.057122378131440144e+01
8.908663023181320284e+01
8.036996909181823412e+01
8.256573485462797635e+01
8.492124061829484560e+01
8.296910071377548945e+01
8.417373899862666065e+01
8.085510989340572507e+01
8.379463823966717939e+01
8.312690345752244525e+01
8.089744179134569890e+01
8.830225644017957620e+01
8.510854043305269556e+01
8.331431994801037888e+01
8.413292821210872319e+01
8.209536695617411795e+01
8.211586535996519842e+01
8.384065001917565496e+01
8.029043289603693268e+01
8.704332225190783845e+01
8.243636130695081476e+01
8.322700013797123120e+01
8.124855408342368435e+01
8.785922452111424263e+01
8.338057197477937166e+01
8.420312219603361825e+01
8.221343643886761754e+01
8.532031135558248991e+01
9.042057953197456754e+01
9.206783920710319080e+01
8.788149004664948905e+01
8.975900965892353156e+01
8.049591659753730255e+01
8.942875845777813026e+01
8.291169530596812365e+01
8.944437075226788636e+01
8.735713111475652681e+01
8.341672033255966312e+01
8.168998808488699126e+01
8.207897856158155037e+01
8.411074052923213173e+01
8.571602703926259892e+01
8.166709744564649043e+01
8.695241200448630536e+01
9.767963955721307912e+01
8.484482188147667614e+01
8.413292821210872319e+01
8.301781353474274283e+01
8.179649190868497044e+01
8.139035670608328132e+01
8.063254574271293507e+01
8.422235322102265798e+01
8.251350959426852683e+01
8.230978838981620527e+01
8.727702257283141307e+01
8.244421035549548549e+01
8.623707439054550150e+01
8.492779978671454444e+01
8.221343643886761754e+01
8.820277870259140229e+01
8.157708129300841904e+01
8.640532729580556293e+01
8.256821196722007983e+01
8.975900965892353156e+01
8.116682724506821955e+01
9.451029472936379250e+01
8.140806685190376868e+01
8.656043353448097832e+01
8.415625418925166912e+01
8.341672033255966312e+01
8.098666746386842874e+01
8.454795610208228140e+01
8.285048579732040253e+01
8.602130370718829511e+01
8.185232785368242503e+01
8.686151230733732120e+01
9.772747014898411066e+01
8.484482188147667614e+01
8.413292821210872319e+01
8.188837212756791928e+01
8.179649190868497044e+01
8.707923157086422350e+01
8.261499550051695451e+01
8.193930989395559550e+01
8.463628608606053660e+01
8.230978838981620527e+01
8.238579448116627191e+01
8.425780859444141413e+01
8.579546050155357761e+01
8.189419922080777781e+01
8.244270274970673995e+01
8.566591281803384561e+01
8.151874379727858866e+01
8.689906326951295057e+01
8.284717430509176950e+01
8.967359150468561779e+01
8.082566617893390060e+01
8.920274409965291795e+01
8.636288428273670092e+01
8.046816888920788813e+01
8.047969549600827577e+01
8.169295653016648373e+01
8.098666746386842874e+01
8.133934280439349607e+01
8.717802485924747202e+01
8.857850016079028421e+01
8.196267828406016065e+01
8.875878803386328286e+01
9.759584082066649557e+01
8.741634281143154794e+01
8.356055542450037876e+01
8.188837212756791928e+01
8.162274581267925555e+01
8.915054926952129222e+01
8.314266222182187960e+01
8.122993145783955526e+01
8.319124433980317690e+01
8.350407464183579975e+01
8.140010608961212313e+01
8.229268677897117357e+01
9.001876666787470072e+01
8.854206849454830319e+01
8.464399714238690819e+01
8.566591281803384561e+01
7.993661682287051917e+01
8.131012551597981997e+01
8.585047550909067127e+01
8.967359150468561779e+01
8.115394771738536406e+01
8.577288136746011560e+01
8.830914385426173396e+01
8.083857779740813498e+01
7.988804155930664308e+01
8.195909761148412542e+01
8.098666746386842874e+01
8.133934280439349607e+01
8.259574631442012560e+01
8.413802604186936662e+01
8.219545845074118517e+01
8.858605808454439057e+01
9.725411072167629811e+01
8.884134977193986060e+01
8.308516712186742836e+01
8.188837212756791928e+01
8.080418294825646797e+01
8.993661270823528753e+01
8.776339478029618135e+01
8.157468233828234361e+01
8.312526760007386883e+01
9.266980353077845223e+01
8.068457338833812287e+01
8.468571120634295823e+01
9.219690107794463074e+01
8.605351397881628372e+01
8.371741751256936936e+01
8.098258765420945338e+01
8.108842655542788691e+01
8.127549731022452306e+01
9.243922815167890406e+01
8.967359150468561779e+01
8.152960631774071487e+01
8.505431304151690597e+01
8.845280156574573027e+01
8.825873456792419347e+01
7.988804155930664308e+01
8.185958662487460913e+01
8.098666746386842874e+01
8.256825101171675385e+01
8.335270593222664104e+01
8.150290126367684707e+01
8.241292120499805662e+01
8.602231527190890858e+01
9.671175396230238164e+01
9.422542446523000592e+01
8.329017235682580633e+01
8.392632095679005033e+01
7.986748167851573044e+01
8.687396792438532600e+01
8.886104975433987363e+01
8.061369092868937969e+01
9.254883120661027363e+01
9.758033158884647662e+01
8.105283446799782610e+01
8.468649503583353066e+01
8.269274616958655599e+01
8.463066072763288616e+01
8.533732292572085498e+01
8.082080062221849914e+01
8.129674324469455371e+01
8.221210908977300846e+01
8.173272584101768246e+01
9.137639530440918634e+01
8.160660157898213640e+01
8.604155210650394281e+01
8.377103258549324494e+01
8.390075588763606618e+01
8.051227610681482361e+01
8.323326256371294107e+01
8.145698299128800102e+01
8.190011468610589418e+01
9.100907585149695933e+01
8.203951982331965098e+01
8.287367706870647055e+01
8.453078667580763295e+01
9.739976169337586498e+01
8.946992398217152243e+01
8.894568659596764348e+01
8.437007356269977265e+01
8.006439636198976473e+01
8.644589089936319226e+01
8.332188171396533960e+01
8.239454403839719987e+01
9.363290803286231778e+01
8.840243554532031567e+01
8.105283446799782610e+01
8.248383567765222324e+01
9.119582957929787881e+01
8.239092031031611896e+01
8.606357504798384639e+01
8.085546381246760461e+01
8.129194611022626304e+01
8.667836433897323900e+01
8.153376794222178603e+01
9.137639530440918634e+01
8.225352890512188253e+01
8.641714339618467022e+01
8.431218178179940992e+01
8.541731247425992990e+01
8.051227610681482361e+01
8.176121163324218344e+01
8.480820240084003103e+01
8.261757160326541793e+01
8.745419675879054466e+01
8.218924879128765326e+01
8.182261060773208783e+01
9.310449143364103008e+01
9.228874717854299092e+01
8.957116898932756044e+01
8.784556232011557597e+01
8.450830277279445113e+01
8.006439636198976473e+01
8.506428368925540440e+01
8.150254627924600470e+01
8.291330041128202311e+01
9.509493797908329782e+01
8.469381618188290872e+01
8.145301062313508567e+01
8.142287770897020494e+01
9.149135321611790062e+01
8.482310537818854357e+01
8.212665430845783021e+01
8.085546381246760461e+01
8.292338917836757162e+01
9.117958729123805028e+01
8.189171561101838392e+01
9.134240554128554379e+01
8.225352890512188253e+01
8.802689702733596278e+01
8.171686074982419257e+01
8.089163434999439062e+01
8.225603996398125162e+01
8.287535755600498533e+01
8.457983292081488003e+01
8.672720993505606657e+01
8.311312619686513870e+01
8.377647085955095463e+01
8.268117599998724643e+01
9.512154987905772430e+01
9.235970646613239410e+01
8.834804454456701706e+01
8.832811585052385794e+01
8.170780113042653170e+01
8.049215099217539660e+01
8.616893216551321188e+01
8.192133375529361672e+01
8.291330041128202311e+01
9.136220896373338007e+01
8.925541795917850152e+01
8.145301062313508567e+01
8.122755014390250494e+01
8.716457792008959871e+01
8.315798464726915995e+01
8.215677863092625444e+01
8.086644097955765176e+01
8.420242653524390164e+01
9.000008569614874432e+01
8.462335468467426836e+01
9.170756774986645610e+01
8.186550446351803600e+01
8.802689702733596278e+01
8.171686074982419257e+01
8.367925605637729802e+01
8.166390704039439186e+01
8.211492563644635823e+01
8.984223920197828761e+01
8.133254744527157243e+01
8.179422781759264183e+01
8.248501620534079848e+01
8.099763833721280548e+01
9.252983250945032978e+01
8.416918513630845666e+01
8.836553881427444423e+01
8.308723352969350628e+01
8.182441910481966829e+01
8.090191544356565601e+01
8.338501210265118857e+01
8.070208035950432190e+01
8.293852468360053365e+01
8.876470881402374857e+01
8.343168935011929932e+01
8.145301062313508567e+01
8.921409709657683607e+01
8.460074903088491283e+01
8.408898574120087233e+01
8.723289910939833192e+01
8.255751482839401945e+01
8.420242653524390164e+01
9.000008569614874432e+01
8.264306445020636716e+01
9.147082116624244463e+01
8.171745591157196031e+01
8.296612510296947107e+01
8.289886417196504453e+01
8.472342182881695294e+01
8.166390704039439186e+01
8.302695776543974659e+01
9.015199912747523570e+01
8.084182098174824205e+01
8.540311535030541279e+01
8.365600301852056475e+01
8.242105297807820818e+01
8.968999619740237961e+01
8.872199763990644783e+01
9.387525299243307586e+01
8.308723352969350628e+01
8.368975526364363304e+01
8.196593444115842431e+01
8.268834759916839516e+01
8.199324095565307857e+01
8.419573198973144201e+01
8.515223320071666535e+01
8.214596224446631823e+01
8.145301062313508567e+01
8.298777826933309143e+01
9.698299539617785570e+01
8.151975571702190848e+01
8.108755322639937901e+01
8.255751482839401945e+01
8.167630541467194405e+01
8.530098167425097699e+01
8.212855177286022013e+01
9.147082116624244463e+01
8.171745591157196031e+01
8.474444484312724057e+01
8.109930491740335867e+01
8.472342182881695294e+01
8.167784618044269962e+01
8.006625331347655106e+01
8.201171196939469610e+01
8.165206730290354642e+01
8.116894376259466526e+01
8.787418527488125619e+01
8.242105297807820818e+01
8.995310097919633563e+01
8.872199763990644783e+01
9.397489053843163731e+01
8.256775040188787784e+01
8.244800895165366228e+01
8.997783736811778965e+01
8.165574075702042478e+01
8.201910928604644369e+01
8.421514549615531564e+01
8.515223320071666535e+01
9.087564952955516162e+01
8.145301062313508567e+01
8.090482736687486920e+01
8.689250783094664143e+01
8.453747854459034272e+01
8.174807104128188939e+01
8.255751482839401945e+01
8.160638706729535841e+01
8.478735577997436224e+01
8.162284075382827098e+01
9.147082116624244463e+01
8.171745591157196031e+01
8.436029672715729077e+01
8.069853738083148187e+01
8.476284143206549970e+01
8.133735645092586708e+01
8.575888358174545090e+01
8.286470862934939419e+01
8.267746716357875414e+01
8.084793276015621188e+01
8.308838631358634075e+01
8.281735376990590680e+01
9.198756708299933393e+01
8.960496624430379597e+01
8.978735059654653128e+01
8.225266076657004533e+01
8.244800895165366228e+01
8.225102242201278102e+01
8.276201264386546086e+01
8.199533176917374533e+01
8.520247702905820120e+01
8.328200537967873629e+01
8.149447111824535739e+01
8.199248230556797523e+01
8.085264615286114065e+01
8.358569603129470238e+01
8.011516752524239848e+01
8.453488642171140555e+01
8.158304993826477869e+01
8.188951565505094266e+01
8.750252532392785554e+01
8.162284075382827098e+01
9.147082116624244463e+01
8.133263220160993967e+01
8.082050441649691663e+01
8.069853738083148187e+01
8.480468277697333690e+01
8.193950848838409229e+01
8.446854427520023023e+01
8.230092299841560077e+01
8.173457135878771851e+01
8.236989730042481028e+01
8.597951988821272096e+01
8.088350934401049130e+01
8.741548775759125078e+01
8.395405705931881357e+01
8.978735059654653128e+01
8.898764155869908166e+01
8.202341595457096446e+01
8.347658264302725684e+01
8.514402653004762556e+01
8.199533176917374533e+01
8.144357265832778126e+01
8.328200537967873629e+01
8.518543464634839779e+01
8.362563456836491582e+01
8.292706545776822225e+01
8.457284861341932469e+01
8.043392698916287031e+01
8.475148463779159158e+01
8.119353396377704257e+01
8.056416135313585869e+01
8.507706574259474053e+01
8.251990805597195333e+01
9.131155538181873510e+01
8.133263220160993967e+01
8.501941968795810567e+01
7.998112234913600105e+01
8.464296638197384937e+01
8.058880127442232322e+01
8.221411884213384269e+01
8.408235400584997876e+01
8.243275699206500917e+01
8.187789705716178901e+01
8.200642624172324702e+01
8.168104449419008972e+01
8.822072079574971326e+01
8.371639403438150850e+01
8.946238136438456934e+01
8.359740465279570287e+01
8.205791409083812482e+01
8.623701900823093069e+01
8.257285905348076938e+01
8.199533176917374533e+01
8.144357265832778126e+01
8.000497712171325304e+01
8.903744999052008779e+01
8.309815598988372187e+01
8.380875344121675141e+01
9.315297065021303524e+01
8.341233593198489871e+01
8.973873598138837338e+01
8.089244441703846178e+01
8.134720970524416828e+01
8.365021443913003907e+01
8.251990805597195333e+01
9.131155538181873510e+01
8.115852750289040785e+01
8.501941968795810567e+01
7.983532950592791622e+01
8.444858401516039237e+01
8.204925863812997022e+01
8.102808830043480270e+01
8.272113503390677636e+01
8.122661410549531524e+01
8.094773985680379269e+01
8.667721615630499343e+01
8.319866338333301314e+01
8.469338138963753693e+01
8.709683584664624334e+01
9.122180804954741973e+01
8.048451788516285887e+01
8.153518547761272828e+01
8.377019000285420702e+01
8.910815598911858615e+01
8.122979058382425421e+01
8.209069771696640316e+01
8.612384298661945081e+01
8.690784122316645721e+01
8.376375329355674637e+01
8.201791077170628341e+01
8.243559302640392161e+01
8.353575067323966152e+01
8.167859696696140759e+01
8.089244441703846178e+01
8.462719668468318446e+01
8.289454610323048200e+01
8.307204737572288877e+01
9.131155538181873510e+01
8.035792605228037644e+01
9.085457474724881877e+01
7.983532950592791622e+01
8.297015906684384845e+01
8.405071065972028066e+01
8.060698063594547591e+01
8.325361868498042384e+01
8.528906864491399631e+01
8.265101508041810519e+01
8.407864243660399950e+01
8.197354599370916617e+01
8.623244308215845422e+01
8.348011004804669710e+01
9.122180804954741973e+01
8.101625134692683616e+01
8.153518547761272828e+01
8.417903520689542063e+01
8.826724813722971419e+01
8.104743917211024495e+01
8.191851127601609051e+01
8.333374760401950709e+01
8.050361706269039530e+01
8.376375329355674637e+01
8.482963890612646196e+01
8.243068717534195855e+01
8.350187516800006904e+01
8.145787657005944027e+01
8.172823862974554743e+01
8.348567381394886411e+01
8.083146180677159975e+01
8.702273328764569271e+01
9.131155538181873510e+01
8.166439871028448749e+01
8.709423555757221891e+01
7.987848826129983593e+01
8.354702699705389080e+01
8.467602743028137979e+01
8.280377593856700003e+01
8.720554741746579452e+01
8.962988876798677040e+01
8.240832354601079146e+01
8.378992165486597798e+01
8.609388254425654452e+01
8.597777056503767312e+01
8.629222900046256939e+01
8.913568470154280021e+01
8.157266400816997987e+01
8.153518547761272828e+01
8.695871728934970690e+01
8.930764965792030807e+01
8.134434790039392738e+01
9.509143219434724870e+01
8.593547306061915947e+01
8.360414489619351741e+01
8.275710472294908016e+01
8.711944450748487156e+01
8.125268204622940971e+01
8.137825205887776292e+01
8.061457419433703819e+01
8.113116501614203457e+01
8.110062888076609511e+01
9.038907250819903538e+01
8.155665459689255670e+01
9.047092055344144512e+01
8.055078473176592979e+01
8.974277862278707119e+01
8.072724147513882542e+01
8.375299359425380885e+01
8.528749449796711701e+01
8.280377593856700003e+01
8.720554741746579452e+01
8.287549307092345430e+01
8.359488959157472721e+01
8.501915350169099383e+01
8.336246799889798353e+01
8.258675818922840506e+01
8.629222900046256939e+01
9.689350640170701467e+01
8.138829290141791262e+01
8.492745914239769434e+01
8.467316184387740918e+01
9.081920631233715824e+01
8.437720695043651631e+01
9.354475437213878308e+01
8.257800001625031427e+01
9.080450536222787150e+01
8.275710472294908016e+01
8.711944450748487156e+01
8.172796704645723764e+01
8.309076123751999887e+01
8.048609307438924532e+01
8.180991789591701036e+01
8.366035519211021665e+01
8.521277110046966641e+01
8.512931435579686479e+01
9.259935049219068048e+01
8.590023502566086222e+01
8.389044482324123919e+01
8.085278564003374413e+01
8.375299359425380885e+01
8.528749449796711701e+01
8.478020321556940075e+01
8.423292675271473229e+01
8.326327645605155681e+01
8.587106326182585292e+01
8.372471713472165789e+01
8.483260355373596440e+01
8.701940844151047827e+01
8.065178711566592540e+01
8.871707312793378719e+01
8.206005955357346693e+01
8.492745914239769434e+01
8.467316184387740918e+01
8.117929084485639635e+01
8.437346964042528441e+01
8.764552780013227107e+01
8.257800001625031427e+01
8.054050456600383257e+01
8.340284805048196404e+01
8.232970595221118515e+01
8.450132375729366174e+01
8.397711736553712569e+01
8.056510900053351065e+01
8.073659342230384084e+01
8.009417428709157605e+01
8.353375588474654023e+01
8.305268207638734168e+01
9.235694611747243243e+01
8.402605746022418032e+01
8.787610136137696770e+01
8.326832790762685477e+01
8.411134778914556875e+01
8.528749449796711701e+01
8.663224163303010528e+01
8.518462164298664163e+01
8.152531630563288445e+01
8.587106326182585292e+01
8.372471713472165789e+01
8.356537386587346816e+01
8.168737727300815266e+01
8.064423561479958380e+01
8.736218802666591898e+01
8.212408619930104692e+01
8.353175284943574752e+01
8.576966551752242651e+01
8.616241911375793450e+01
8.582741784243144423e+01
8.655156322588885587e+01
8.889461831837336092e+01
8.053789880276589486e+01
8.811608540500719755e+01
8.232970595221118515e+01
8.133651301604889738e+01
8.397711736553712569e+01
8.236227821755095135e+01
8.066008227533765762e+01
8.046626597762035260e+01
8.903736330456628423e+01
8.213480416219535130e+01
8.881913813520262124e+01
8.584416544353146605e+01
9.010038538539387787e+01
8.326832790762685477e+01
8.203409545836757388e+01
8.410227661280781319e+01
8.563721650578845868e+01
8.482614818561795289e+01
8.151153560597877856e+01
8.224282737559275347e+01
8.870322014101881791e+01
8.492900646783566287e+01
8.192737701416818652e+01
8.117937703394871107e+01
9.033582166242159417e+01
8.228554145388726226e+01
8.919536633583210516e+01
8.364567591528422952e+01
8.827319744731529738e+01
8.582741784243144423e+01
8.661603618101774771e+01
8.217012313499000697e+01
8.045386819588247818e+01
8.811608540500719755e+01
8.232970595221118515e+01
8.133045225593282623e+01
8.279635213758838574e+01
8.230455052628059320e+01
8.002457912606325863e+01
8.246487086590217075e+01
8.402351395085693753e+01
8.445528349800684964e+01
8.922435248621609105e+01
8.584416544353146605e+01
8.655041574978699259e+01
8.185473183405858322e+01
8.174476998157157936e+01
8.139576209459005440e+01
8.479104430983029772e+01
8.619450819905650008e+01
8.090281270070610731e+01
8.224282737559275347e+01
8.578522621495507394e+01
8.608897438004041192e+01
8.449404014933155338e+01
8.276390965411417255e+01
9.288863151586319589e+01
8.907484029842370887e+01
8.919536633583210516e+01
8.760345844347548905e+01
9.069205873639016602e+01
8.582741784243144423e+01
8.371695448905433068e+01
8.725039413101237074e+01
8.522129270537759282e+01
8.702449973850254139e+01
8.094248002985280266e+01
8.133045225593282623e+01
8.264654903479609516e+01
8.205631290533244737e+01
8.248239617137116397e+01
8.127692223215414913e+01
8.474494451289326946e+01
8.265165206813065879e+01
8.922435248621609105e+01
8.306564756637864377e+01
8.599857345579403045e+01
8.228465973692972568e+01
8.238602164854121668e+01
8.006522223096790469e+01
8.184760850496735429e+01
8.059748786399983089e+01
8.306790203693013552e+01
8.679793194612794593e+01
8.770763358673903554e+01
8.312501387964222488e+01
8.569767365249829538e+01
8.268989143906209449e+01
9.288863151586319589e+01
8.024400746629227399e+01
8.521680642400886541e+01
8.566668277435722700e+01
8.564739007132692450e+01
8.538370775740966678e+01
8.371695448905433068e+01
8.665892192685954853e+01
8.186640592436863528e+01
8.271698786773565359e+01
8.065819325213799118e+01
8.133045225593282623e+01
9.477237274820939206e+01
7.991191080767261212e+01
8.111272308158868327e+01
8.195592062244706710e+01
8.474494451289326946e+01
8.497488403995568262e+01
8.897253530500435659e+01
8.056016826928464525e+01
8.421465278282514078e+01
8.141800952199771757e+01
8.130644670199269797e+01
8.020772775167957036e+01
8.465750188656491559e+01
8.088524012962808740e+01
8.485354657038358539e+01
8.500939337188940215e+01
8.374066754898980491e+01
8.297693150160726816e+01
8.417566242264676646e+01
8.201322206267487047e+01
9.090227647337930250e+01
8.440825504542449664e+01
8.898502124004279779e+01
8.473614308828263120e+01
8.418589492901722338e+01
8.460499937028902195e+01
8.153351984282092246e+01
8.740318478110094702e+01
8.236404480245485615e+01
8.213460247740111697e+01
7.984010872870602782e+01
8.133045225593282623e+01
8.936414854550044140e+01
7.991191080767261212e+01
8.079942275223102399e+01
8.195592062244706710e+01
8.595462130088635888e+01
8.497488403995568262e+01
8.919360608343426122e+01
8.056016826928464525e+01
8.321108150573660112e+01
8.450722575395717229e+01
8.177451093048487962e+01
8.020772775167957036e+01
8.465750188656491559e+01
8.088524012962808740e+01
8.749180537145745973e+01
8.501924563454880968e+01
8.988748685019952234e+01
8.662795576965358180e+01
8.967030026314365898e+01
8.866899389159792122e+01
8.841548606968711965e+01
8.398303094789335432e+01
8.588909606358845394e+01
8.337495831964839965e+01
8.177886304276046303e+01
8.313656805146203510e+01
8.713953770480900118e+01
8.752778948869737974e+01
8.236404480245485615e+01
8.231272779584915611e+01
8.000749677402245652e+01
8.884995911224464749e+01
8.811693070924233950e+01
7.991191080767261212e+01
8.079102419243835698e+01
8.195592062244706710e+01
8.792837233650399753e+01
8.356926933262681700e+01
9.053462680777853677e+01
8.056016826928464525e+01
8.040143082661793983e+01
8.721455160046457422e+01
8.301644552143814337e+01
8.020772775167957036e+01
8.450680826469272233e+01
8.791412702806658785e+01
8.796006977222218381e+01
8.501924563454880968e+01
9.434835705345034285e+01
8.189992005314455525e+01
8.267224651235308386e+01
8.543443703963625069e+01
8.871457505731636672e+01
8.647672472372009622e+01
8.580323731962981526e+01
8.337495831964839965e+01
8.940304354798195163e+01
8.217355430826357576e+01
8.240724313267999435e+01
8.255907836403690681e+01
8.236404480245485615e+01
8.231272779584915611e+01
8.400709116082902028e+01
8.484936052261269879e+01
8.758934812154019767e+01
8.079784896296250452e+01
8.079102419243835698e+01
8.574194949448373393e+01
8.617468524474415403e+01
8.287068246741235100e+01
9.032416752321498166e+01
8.105498769259919811e+01
8.187322146023646496e+01
8.515749208782115431e+01
8.286618970237070414e+01
7.999843822612389488e+01
9.114416749648762561e+01
8.545058024012882925e+01
8.760070823718294264e+01
8.212545771176661447e+01
9.866320475086757824e+01
8.559196359022496381e+01
8.325364797043467036e+01
8.196870744465861947e+01
8.871457505731636672e+01
8.656293778429675001e+01
8.677977841039513862e+01
8.440827611570351507e+01
8.324308942541217959e+01
8.384407465078800215e+01
8.249236729683936176e+01
8.186828219157220587e+01
9.479431565278717642e+01
8.682490436558214242e+01
8.081507468274698169e+01
8.464654447260066661e+01
8.287595275316459720e+01
8.480986793272896307e+01
8.621408047997658741e+01
8.197107574843603572e+01
8.530141264717256888e+01
8.505627694653828996e+01
9.017987362531040674e+01
8.128453567924427148e+01
8.216501990908054154e+01
8.690407679135162766e+01
8.086072548214661992e+01
7.996895278526635309e+01
8.485189523149482227e+01
8.567601379470157497e+01
8.721542456484010586e+01
8.156046804145523765e+01
8.497064031313337296e+01
8.352583941009926605e+01
8.510847076945920264e+01
8.271498297842921943e+01
8.811805221377531439e+01
8.419532060283668784e+01
8.323573005409609493e+01
8.214925727492236263e+01
8.926046911841979181e+01
8.444498184673933849e+01
8.236043576675896816e+01
8.197857753619771870e+01
8.181844277282398536e+01
8.652969958446527698e+01
8.108323420618319233e+01
8.047522851447030234e+01
8.072042048061599928e+01
8.388104221932873372e+01
8.318231156501080648e+01
8.762555812239540387e+01
8.685283172576868083e+01
8.639691254003224685e+01
9.039771176573378852e+01
8.336738050739836581e+01
8.029013086712686231e+01
8.618655283474070927e+01
8.350477106190425047e+01
8.471708913981929356e+01
8.106321556307308640e+01
8.257825403512654816e+01
9.394577880439835837e+01
8.110696835943186045e+01
9.400348610277755768e+01
9.191904244098887489e+01
8.758091820295388175e+01
8.138389005770190465e+01
8.811805221377531439e+01
8.418034824891776680e+01
8.434428573221359215e+01
8.573436548182887407e+01
8.235047791807565432e+01
8.298884063906480435e+01
8.607024781364494004e+01
8.133621026727225001e+01
8.210680644758326707e+01
8.544899535044223171e+01
8.235391824684833750e+01
8.347549606006076317e+01
8.336846451348067433e+01
8.576309125003608358e+01
8.568019039938501180e+01
8.762555812239540387e+01
8.182308470079574647e+01
8.639691254003224685e+01
8.947002906050661863e+01
8.296467607399685562e+01
8.417100617950066521e+01
8.352066332630177214e+01
8.223265138692285348e+01
8.471708913981929356e+01
8.133615040004518448e+01
8.257825403512654816e+01
8.912324245900653352e+01
8.258392884611514262e+01
8.305035615736176169e+01
9.054945243912139574e+01
8.375867058317709279e+01
8.147017506733347147e+01
8.816217773446408046e+01
8.819685634063394275e+01
9.130409155264449339e+01
8.194118945352330741e+01
8.428800304949636768e+01
8.318293640962292557e+01
8.998113318486608136e+01
8.137432220171217523e+01
8.225648530893455757e+01
9.148737838812428436e+01
8.439964364895301685e+01
8.384030582285042499e+01
8.336846451348067433e+01
8.812554657280095682e+01
8.214378605569201852e+01
8.405367091633958410e+01
8.199879081240950995e+01
8.537718046626881119e+01
8.847113050761380748e+01
8.243062492243016948e+01
8.329410415706909987e+01
8.352066332630177214e+01
8.223265138692285348e+01
8.471708913981929356e+01
8.013262997764552154e+01
8.164067350663509615e+01
8.619249242184544357e+01
8.262396734021208999e+01
8.172285494755070090e+01
8.456667509216399026e+01
8.375867058317709279e+01
8.098459079657025939e+01
8.729221610908703610e+01
8.899396929945089596e+01
8.655952117634357990e+01
8.164462286339552577e+01
9.388115509073553255e+01
8.940318920409535508e+01
8.323221935470382959e+01
8.155102828104382695e+01
8.107788621557149611e+01
9.340086402307932190e+01
8.257251865665871549e+01
8.162302935572192553e+01
8.164630812538945293e+01
8.799616660342513796e+01
8.161613844302347331e+01
8.580398080594090970e+01
8.402840075402016851e+01
8.488223543246438396e+01
8.847113050761380748e+01
8.175595215029164819e+01
8.091375936734456786e+01
9.179148736285358723e+01
8.183510602413456070e+01
8.420095699975401260e+01
8.147734088250106765e+01
8.164067350663509615e+01
8.210665809246172842e+01
8.262396734021208999e+01
8.347347513857091883e+01
8.114595951264681162e+01
8.241868534032570892e+01
8.095579030169913892e+01
8.651271090068576086e+01
8.362702754561424001e+01
8.541907932115532276e+01
8.706875986705006198e+01
9.146289337348601123e+01
8.627607214261659863e+01
8.545304373570910172e+01
8.402089896859362739e+01
8.587268907769163206e+01
8.779402021648556342e+01
8.367124047874926873e+01
8.233911025776681925e+01
8.055529494652039091e+01
8.711487824925232815e+01
8.161613844302347331e+01
8.106242842131312898e+01
8.436556852966008080e+01
9.023388430127822346e+01
8.847113050761380748e+01
8.155722723759609494e+01
8.154494518078773524e+01
8.548909093386431834e+01
8.226119256581080208e+01
8.420095699975401260e+01
8.056087883440434894e+01
8.183193112783295931e+01
8.126109477801362857e+01
8.688811608489530158e+01
8.355724123622678690e+01
8.541978234745272403e+01
8.750704423750731564e+01
8.187502283087324884e+01
8.804773579883188006e+01
8.584771980370814504e+01
8.624113393711766662e+01
9.182507401178378359e+01
8.270812497684120501e+01
8.461589829552279696e+01
8.967365728527632029e+01
8.334387207983735379e+01
8.150160688918987262e+01
8.630150910853480184e+01
8.328389237542177170e+01
8.267590891207559878e+01
8.081596851385977232e+01
8.711487824925232815e+01
8.277465892956526261e+01
8.489150824515363070e+01
8.422913654412722906e+01
8.601657372658161194e+01
8.847113050761380748e+01
8.433279970214051957e+01
8.477281653319630550e+01
8.458021676731635807e+01
8.823628087605871428e+01
8.420095699975401260e+01
8.327761833455480200e+01
8.183193112783295931e+01
8.336506348175143444e+01
8.698752261663059926e+01
8.250757024413863405e+01
8.113262765207751670e+01
8.172622819556922025e+01
8.489737425748644739e+01
8.870415837784135249e+01
8.509570699839460417e+01
9.664913244366924516e+01
8.305385815818961248e+01
8.163632596397484065e+01
8.843259495070812193e+01
8.791419029520456263e+01
8.385527849830245373e+01
8.101948388223696895e+01
8.997366340457674028e+01
8.267322605646778300e+01
8.244185696959637255e+01
8.274974568539713005e+01
8.619623267433443914e+01
8.275793766911938576e+01
8.272757243202759980e+01
8.542118644971746733e+01
8.268793915759101765e+01
8.815352460186294081e+01
8.520665180970455310e+01
8.393409709915124495e+01
8.465525890963611744e+01
8.342936210027089317e+01
8.420095699975401260e+01
9.202634837969850423e+01
8.162092826182808381e+01
8.336506348175143444e+01
8.258919404865659430e+01
8.191750944406852852e+01
8.199300826157129052e+01
8.134590026811794417e+01
8.731787521655866158e+01
8.657075088050028455e+01
8.984126378843490102e+01
9.664913244366924516e+01
8.226339196358689776e+01
8.193591150130204426e+01
8.700357942742679995e+01
8.821627549792562206e+01
8.094969970876738330e+01
8.697323118608352388e+01
8.997366340457674028e+01
8.222120559393538031e+01
8.142402364008246707e+01
8.274974568539713005e+01
8.700085515539527137e+01
8.634313958645044806e+01
8.071727158623482978e+01
8.542118644971746733e+01
8.250803815412176334e+01
8.891537599010432302e+01
8.228063721792601370e+01
8.787086212121518258e+01
8.467293966700900398e+01
8.493693647074294972e+01
8.420095699975401260e+01
7.966755140713161154e+01
8.223247757384029910e+01
8.314849349167188564e+01
8.374500722217298687e+01
8.178726591498038090e+01
8.325987657426364308e+01
8.117112091046587352e+01
8.372074141165248307e+01
8.719384923935712095e+01
9.367382118723186579e+01
8.424963301251518999e+01
8.543796158276227004e+01
8.096701311897867015e+01
8.201220033336855408e+01
8.435655477429635596e+01
8.075892839629260322e+01
8.554490684339909023e+01
8.997366340457674028e+01
8.368160882556432512e+01
8.752549015013217115e+01
8.127175542166882849e+01
8.613302148958339899e+01
8.395164649666143930e+01
8.171490214318401968e+01
8.350210354276222802e+01
8.350682448492054277e+01
8.875343388366722763e+01
8.186504573807822283e+01
8.061021872860368376e+01
8.508043507131900185e+01
8.394974420847654528e+01
8.275325090942183692e+01
8.181044615246251794e+01
8.341259038684874838e+01
8.314849349167188564e+01
8.319154028615710672e+01
8.385381417665898596e+01
8.411479000982724585e+01
8.135190270169502469e+01
8.432324652789893094e+01
8.108310232053379707e+01
9.367382118723186579e+01
8.503915937975499162e+01
8.616033624920756040e+01
8.732855955373308632e+01
8.368288573098904237e+01
8.435655477429635596e+01
8.321237531229068907e+01
8.104960257772292209e+01
8.582998534898402454e+01
8.109202902232908627e+01
8.697208664891394392e+01
8.362496976444820973e+01
8.613302148958339899e+01
8.030217968261673889e+01
8.171490214318401968e+01
8.349852311801404880e+01
8.197413892167192273e+01
8.875343388366722763e+01
8.211213543725888542e+01
8.064936718461241583e+01
9.257192553598879670e+01
8.380277594794547724e+01
8.054678614994918462e+01
8.136762509766717244e+01
8.501193084174352066e+01
8.314849349167188564e+01
8.563991565232797143e+01
8.424629132710560953e+01
8.777804682186739171e+01
8.256695277249748699e+01
8.534727490039495024e+01
8.263838075977700726e+01
9.447995122972369586e+01
8.220537820539099982e+01
8.198869378344949155e+01
8.174990747354115683e+01
8.208189737910437600e+01
8.259141062017381785e+01
8.066123086581077928e+01
8.874922851290364179e+01
8.122682561714368887e+01
8.114429359906723960e+01
8.578014969787305688e+01
8.273078219059001981e+01
8.361199842135317795e+01
8.004474232762616737e+01
8.072539854425208716e+01
8.271603518437729008e+01
8.145583132257583259e+01
8.834808169931956456e+01
8.135436636270152633e+01
8.193624678763104896e+01
8.336192579341231124e+01
8.559533169082378379e+01
8.063325354352541297e+01
8.238968750867539370e+01
8.501193084174352066e+01
8.314849349167188564e+01
8.563991565232797143e+01
8.424629132710560953e+01
8.651856985047798787e+01
8.240912271388759791e+01
8.622771593282205060e+01
8.249519965643955288e+01
8.541815727056774676e+01
8.085999699407949493e+01
8.659923487610450366e+01
8.174990747354115683e+01
8.505723527094635017e+01
8.274081489258504973e+01
8.219310284680348389e+01
8.103885837192923702e+01
8.273081964150458134e+01
8.343544624353377515e+01
8.293301953585864794e+01
8.273078219059001981e+01
8.593284730133495941e+01
8.282601136340360881e+01
8.152041192018687354e+01
8.326380705146296179e+01
8.335873744809937591e+01
8.836004395999665917e+01
8.135436636270152633e+01
8.597978692774206877e+01
8.343470104063499093e+01
8.405823834279917151e+01
8.063325354352541297e+01
8.101977619721374424e+01
8.642362216393738095e+01
8.314849349167188564e+01
8.389608524515215038e+01
8.424629132710560953e+01
8.651856985047798787e+01
8.287133973378271889e+01
8.611888415861045587e+01
8.249519965643955288e+01
8.521702978879164903e+01
8.633803518282867628e+01
8.077281917749913021e+01
8.151763394156417064e+01
8.486090395965295841e+01
8.225615772992311747e+01
8.109592022389495014e+01
8.136919068549708811e+01
8.047494784416689129e+01
8.144406586284510752e+01
8.247271426872048039e+01
8.546571423940115153e+01
8.658379920751792724e+01
8.341095930521007062e+01
8.152041192018687354e+01
8.328188506149024306e+01
8.438363696469741626e+01
8.827526372324579995e+01
8.068270268998362837e+01
9.229440891236788502e+01
8.734107478677455561e+01
8.292255303302914626e+01
8.131707335550161986e+01
8.395353625796906272e+01
8.498551978004654472e+01
8.314849349167188564e+01
8.790743385305016488e+01
8.240383042185933959e+01
9.137194429424020825e+01
8.355584742119322073e+01
8.426150919872704037e+01
8.249519965643955288e+01
8.521702978879164903e+01
8.307833881533842657e+01
8.477614512541362046e+01
8.179361468808932045e+01
8.125650362670535287e+01
8.364150070045621987e+01
8.309273758405481658e+01
8.255782891938854107e+01
8.047494784416689129e+01
8.601375913685220098e+01
8.493782468324479851e+01
8.520131309207513937e+01
8.401395744165556323e+01
8.341095930521007062e+01
8.099357560160810010e+01
8.354414149583526239e+01
8.420122292846480150e+01
8.827526372324579995e+01
8.114981360118251530e+01
9.295171234745774314e+01
8.733582648089807776e+01
8.312900442952616231e+01
8.249222031378489817e+01
8.530723275799945782e+01
8.296201968591726938e+01
8.296098999824414477e+01
9.143466352105994588e+01
8.703026742422710527e+01
8.682482649024444754e+01
8.122219682565295784e+01
8.634412767834675151e+01
8.249519965643955288e+01
8.392143901892187330e+01
9.981485120183893400e+01
8.541577620346758692e+01
8.291506628555268321e+01
8.624344793077794691e+01
8.329087975993114412e+01
7.998153222190629208e+01
8.130807991824406145e+01
8.072286010436226888e+01
9.096327600278739567e+01
8.092249235444928956e+01
8.396964239426368692e+01
8.261122234858267177e+01
8.341095930521007062e+01
8.085231070276704202e+01
8.240577071210657323e+01
8.323462580531658261e+01
8.815687016674084475e+01
8.252483930472205031e+01
8.697653668775579661e+01
8.499767726506497922e+01
8.289074489187841266e+01
8.286770241594406627e+01
8.132878872078426014e+01
8.516602835747016798e+01
8.247789279693614617e+01
8.206247961504433874e+01
9.039068612520125612e+01
8.359119563117289431e+01
8.078009024057632814e+01
9.188712117922685252e+01
8.249519965643955288e+01
8.692103343462822806e+01
9.619425510596522599e+01
8.541577620346758692e+01
8.197728619500108493e+01
8.149146729135418354e+01
8.228911918782569046e+01
7.995295098762244379e+01
8.488726214572574236e+01
8.375310233821053885e+01
8.516435410615724777e+01
8.085903117802394036e+01
8.431110851210740975e+01
8.469294877832770396e+01
8.373556665429610746e+01
8.191681493424341909e+01
8.397160653010720921e+01
8.167160327385079199e+01
8.856180040931963049e+01
8.157448833921017695e+01
9.126409767414529028e+01
8.599003950337473157e+01
8.217458579525127504e+01
8.286770241594406627e+01
8.141762981313269165e+01
8.488728492404308668e+01
8.247789279693614617e+01
8.149444081396055140e+01
8.322306047276656216e+01
8.605316813041780222e+01
8.153473973625500548e+01
8.568983890896522837e+01
8.249519965643955288e+01
8.110024970623456397e+01
9.218983379001659273e+01
8.376141658223247077e+01
8.444586995866723100e+01
8.467112526474950585e+01
8.164319208960428398e+01
8.220075039910933867e+01
8.538506949634398779e+01
8.125226392613330972e+01
8.411168222295377461e+01
8.240959501644078955e+01
8.540253986938456876e+01
8.232419906162105860e+01
8.373556665429610746e+01
8.191681493424341909e+01
8.208160011838320713e+01
8.567989476237379165e+01
8.856180040931963049e+01
8.159236775106764128e+01
8.733182291209676862e+01
8.553075849688573840e+01
8.295225411246471481e+01
8.214340593760873332e+01
8.511365215578503296e+01
8.395472484970647997e+01
8.265767354918487797e+01
8.490481049580785111e+01
9.506880777488208878e+01
8.426904195219987059e+01
8.138451979250542934e+01
8.305244667103681877e+01
8.132846660863782517e+01
8.245808594107472800e+01
8.754004113826141520e+01
8.614151773524670830e+01
8.191955065413446846e+01
8.181203445293091647e+01
8.785916060755273804e+01
8.078212251732654181e+01
8.434075826764488681e+01
8.124635926422526211e+01
8.411168222295377461e+01
8.086444741718175067e+01
9.623613070878694487e+01
8.232419906162105860e+01
8.123924525416801146e+01
8.391923620551420981e+01
8.206958817508298409e+01
8.043662998754953719e+01
8.825369858348653906e+01
8.285815138746733055e+01
9.697312539492804717e+01
8.217294556610525547e+01
8.922404029588753360e+01
8.304876037473236750e+01
8.137959652521516318e+01
8.444097555820148671e+01
8.334487319486879642e+01
8.819391151784373051e+01
9.413640881361726542e+01
8.918016347066330241e+01
8.086779398884462466e+01
8.532135749709800621e+01
8.170424291759958635e+01
8.210664703266975550e+01
8.437093320890897985e+01
8.853539233420563903e+01
8.362763561510300292e+01
8.110265376983340957e+01
8.586706511679984999e+01
8.030058276357473801e+01
8.598948094199063519e+01
8.124635926422526211e+01
8.507845191840321775e+01
8.170853967803364526e+01
9.330251173288665711e+01
8.427988711098510066e+01
8.123924525416801146e+01
8.343354372716829914e+01
8.079646824306138342e+01
8.039495867339736890e+01
8.789948576535140035e+01
8.480855112287747488e+01
9.370749756665296104e+01
8.217294556610525547e+01
8.924118776084574733e+01
8.158490375316944210e+01
8.154051398809879458e+01
8.460605933202157303e+01
8.264296927168248885e+01
8.237140396928982966e+01
8.645642667007028592e+01
8.440058428133762902e+01
8.424170448941949019e+01
8.613642640181325305e+01
8.170424291759958635e+01
8.188330532984886645e+01
8.358618718711706208e+01
8.372759553022513046e+01
8.662215744865845579e+01
8.337128523855406570e+01
8.593206525470735357e+01
8.122826770542361885e+01
8.129797830988950125e+01
8.229244561684858184e+01
8.424481490681736773e+01
8.170853967803364526e+01
8.388905063017257646e+01
8.654509424444621857e+01
8.180498547617261806e+01
8.322845605305178651e+01
8.172624215518406743e+01
8.039495867339736890e+01
9.106917125836642413e+01
8.335465794024159436e+01
8.917908963614631546e+01
9.013804119210415422e+01
8.814960331306825481e+01
8.121955824851879413e+01
8.273009657073015433e+01
8.969650137780273269e+01
8.255195513081601177e+01
8.587483895873302231e+01
8.449960774128153673e+01
8.635054926547930165e+01
8.706716340425529665e+01
8.893511457271388565e+01
8.170424291759958635e+01
8.192759179888817300e+01
8.218310310213921355e+01
8.588397963961716641e+01
1.010811037049958685e+02
8.224442230874028326e+01
8.608343003995113918e+01
8.258585694445157799e+01
9.206750685971040582e+01
8.244032277764402750e+01
9.036947238384803427e+01
8.231434192581352249e+01
8.131365638936732410e+01
8.724613258166912999e+01
8.227793379264110740e+01
8.220215837811521453e+01
8.572831262400949015e+01
8.237217810303870635e+01
9.073385477044874392e+01
8.194840947960260280e+01
9.761117289389339646e+01
8.880084144405725510e+01
8.391707661028465282e+01
8.121955824851879413e+01
8.691040571762643197e+01
8.893335158053579903e+01
8.144480185546176187e+01
8.587483895873302231e+01
8.844502015076214718e+01
9.110269949180354843e+01
8.194050313343225866e+01
8.555003463271513908e+01
8.170424291759958635e+01
8.181195138497591302e+01
8.097894810661577480e+01
8.588397963961716641e+01
8.609268648737882756e+01
8.066061632990869157e+01
8.456604411381725583e+01
8.040968813150455219e+01
8.342792164916497200e+01
8.080288196272958601e+01
8.071099484740757646e+01
9.373757603988845233e+01
8.495304763900649903e+01
8.174607981927478306e+01
8.590876357512736661e+01
8.231748060853308857e+01
8.724661245601663495e+01
8.111371422600537073e+01
8.875896758295137090e+01
8.416079914740791423e+01
9.500136595041220744e+01
8.850707472716375435e+01
8.517093348423654220e+01
8.137414019899361506e+01
8.440090520665749807e+01
8.937570861016089907e+01
8.218302563916317638e+01
8.078966655025527643e+01
8.069863366216388556e+01
9.094842735049462590e+01
8.176704219964646825e+01
8.235951476518123116e+01
8.164420921362945194e+01
8.155482084148032129e+01
8.075576663145251644e+01
8.585361486830912270e+01
8.613430240115228287e+01
8.208653146335292661e+01
8.820013579309362228e+01
8.059944872465013077e+01
8.177382293150240855e+01
7.982016965153697186e+01
8.323675557384638068e+01
9.179743486465552849e+01
8.109156477550011743e+01
8.493955984341691590e+01
8.491062674793252540e+01
8.604392483773557387e+01
8.455682121401403606e+01
8.101296435305374644e+01
9.291568485007239531e+01
8.632108428248483278e+01
9.500136595041220744e+01
9.346182939294155290e+01
8.750613123586455799e+01
8.241733556350763479e+01
8.440090520665749807e+01
8.444557852293300471e+01
8.128256435806966351e+01
8.316261195653891036e+01
8.112839890739952864e+01
8.504103136817441566e+01
8.167430148881007312e+01
8.565970581601629874e+01
8.160145638642380561e+01
8.843759191711821188e+01
8.214683687632357589e+01
8.585361486830912270e+01
8.279740317822707141e+01
9.192426807803660438e+01
8.282642839187192862e+01
8.410255393125501655e+01
8.105666228180325561e+01
8.046161994975787479e+01
8.627362872217577205e+01
8.631269199209147303e+01
8.665806692842127745e+01
8.748867186231971971e+01
8.308241386835032927e+01
8.316882999448030489e+01
8.458516036403965188e+01
8.101296435305374644e+01
9.066264437766844253e+01
8.540190350721124446e+01
8.394206528492986763e+01
9.399883282339156665e+01
9.312543431572309771e+01
8.241733556350763479e+01
8.500751980621269865e+01
8.308303646075917470e+01
8.111400298541391862e+01
8.316261195653891036e+01
8.419105009445877386e+01
8.803051824757515931e+01
8.367429295003132950e+01
8.870253767766455155e+01
8.160145638642380561e+01
8.588115884445518589e+01
8.214683687632357589e+01
8.471986547728515404e+01
8.690658291679113745e+01
8.546237088848818075e+01
8.620734910423163910e+01
8.478035577331554862e+01
8.117998074467024594e+01
7.989895846450166061e+01
8.951533597003924569e+01
9.099918958723546325e+01
8.738435776278373623e+01
8.483220395618457133e+01
8.171843865851073474e+01
8.081000639244624040e+01
8.282913171510605821e+01
8.439413891631407694e+01
8.966074820062824813e+01
8.540190350721124446e+01
8.725744683239533117e+01
8.656371171709270129e+01
9.030486300455746118e+01
8.189384233696017645e+01
8.378552802920721376e+01
8.308303646075917470e+01
8.100668742596477045e+01
8.191613636402523468e+01
8.680827145195324590e+01
8.356639728939050826e+01
8.378579199819377266e+01
8.490570754740065240e+01
8.160145638642380561e+01
8.588115884445518589e+01
8.382481046381636247e+01
8.760950013112098134e+01
8.690658291679113745e+01
8.341825288141887995e+01
8.278769077499087814e+01
9.426967419357953304e+01
8.101867041512791445e+01
8.011789754147039844e+01
8.249513665988406785e+01
8.616507019821997915e+01
8.608116512581815982e+01
8.418032898589159174e+01
8.171843865851073474e+01
8.117844716726709464e+01
8.489889930161831444e+01
8.172779645954017269e+01
8.985289918619120897e+01
8.646948539163335568e+01
8.932838004978378876e+01
8.834241755699606813e+01
8.936307448285094779e+01
8.189384233696017645e+01
8.669077348228674396e+01
8.291416021059696106e+01
8.128033436622212093e+01
8.189224118896906646e+01
8.351101743606697880e+01
8.356639728939050826e+01
8.107292677321535734e+01
8.227935531696184057e+01
8.370701003593319456e+01
8.928624623415574035e+01
8.314831618006803637e+01
8.760950013112098134e+01
8.589153806104954469e+01
8.528483399503267037e+01
8.333650144826091832e+01
8.762847654058263913e+01
8.229271296794541968e+01
8.011789754147039844e+01
8.319332556064274797e+01
8.479268029923596828e+01
9.067564044117938238e+01
8.240758326086815089e+01
8.273558162496097168e+01
8.974364107341158103e+01
8.258726197240206091e+01
8.281130822352444909e+01
8.985289918619120897e+01
8.615497781100162911e+01
9.102301305529397268e+01
8.654874291899737671e+01
8.825956962729837585e+01
8.721121362154690360e+01
9.305199414815561454e+01
8.266207321087847504e+01
8.166871756882851230e+01
8.604299461242447933e+01
8.043954959829270024e+01
8.297033692798586912e+01
8.133168866094167981e+01
8.302492791910988501e+01
8.370701003593319456e+01
9.114769175697105652e+01
8.052971111105118496e+01
8.662826687368115586e+01
8.589153806104954469e+01
8.477131266021885381e+01
8.168582906264694543e+01
8.754107654070865863e+01
8.180198861748421280e+01
8.137151268634862333e+01
8.458969284732982885e+01
8.479268029923596828e+01
9.278963292244732486e+01
8.240758326086815089e+01
8.273558162496097168e+01
8.523259132238304403e+01
8.258726197240206091e+01
8.281130822352444909e+01
8.985289918619120897e+01
8.417161980126562071e+01
8.270182472328896495e+01
8.664484408907557622e+01
8.577505406222822160e+01
8.284297796749196152e+01
8.313579454698481186e+01
8.371318572818842085e+01
8.047661632130095199e+01
8.413613653561712624e+01
8.039059150510126983e+01
8.316590723499692217e+01
8.512221466332843534e+01
8.348620276324024303e+01
8.477329728532691888e+01
8.481903999926402093e+01
8.104178025655511419e+01
8.653096400669399202e+01
8.109628620495783480e+01
9.544333014241352942e+01
8.104161403256978247e+01
8.778959842595241980e+01
9.421011886713043282e+01
8.127918803906507605e+01
8.237463042007259162e+01
9.035715843303587747e+01
9.244597320268296414e+01
8.524126638518404775e+01
8.191168050590361815e+01
8.708237341904788309e+01
8.228600009191299591e+01
8.509892148279249113e+01
8.985289918619120897e+01
8.460829242860141619e+01
8.537718213775710296e+01
8.847345081015531321e+01
8.445042515768538749e+01
8.284297796749196152e+01
8.313579454698481186e+01
8.212012839990056534e+01
8.047661632130095199e+01
8.725734537395587154e+01
8.039059150510126983e+01
8.618452472959084787e+01
8.512221466332843534e+01
8.297241002596662440e+01
8.980949542864014745e+01
8.883324721156979820e+01
8.272479411449016595e+01
8.653096400669399202e+01
8.720851637820038604e+01
9.704585285343080159e+01
8.109437058864428138e+01
8.945580159049164592e+01
8.211714864718038598e+01
8.175471061888585211e+01
8.237463042007259162e+01
8.826424310349911195e+01
8.314908338570158719e+01
8.524126638518404775e+01
8.447737234749848767e+01
8.275382299402347996e+01
8.305569382469698780e+01
8.283471264082545815e+01
9.300711457831062035e+01
8.460829242860141619e+01
8.605663979682304898e+01
8.813421335517253397e+01
8.504189770865067999e+01
8.284297796749196152e+01
8.553381813433546199e+01
8.183437998900309651e+01
8.467650413712776469e+01
8.669995525536587877e+01
8.149280588051530572e+01
9.183090354775342234e+01
8.262058942113165472e+01
8.436807564616664479e+01
8.980949542864014745e+01
8.883324721156979820e+01
8.147478537738255966e+01
8.356217754616571369e+01
9.418952962600640433e+01
1.006129406053193378e+02
8.109437058864428138e+01
8.845679860555505059e+01
8.148137314545745369e+01
8.133689000264878644e+01
8.256304383123924140e+01
8.826424310349911195e+01
8.347992977168722462e+01
9.600900833765555831e+01
8.447737234749848767e+01
8.126290019423163358e+01
8.562432519562997868e+01
8.357295108195083344e+01
9.441693603744570851e+01
8.272526891019701623e+01
8.496272700963474733e+01
8.641088560802015195e+01
8.559414226899177436e+01
8.160112801073113076e+01
8.553381813433546199e+01
8.199583434620504363e+01
8.467203966859813136e+01
8.428877085788647605e+01
8.385021277056246447e+01
8.713954487322081377e+01
8.261513827009446231e+01
8.254258523252121904e+01
8.980949542864014745e+01
8.524884518397530542e+01
8.278978050763933538e+01
8.352826876223788588e+01
8.279704005472525807e+01
9.268631178825413031e+01
8.112432827178231776e+01
8.829811718529884956e+01
8.467283709894050503e+01
8.354258890585572317e+01
8.335948795621284546e+01
8.733754585610695642e+01
8.300084412240566678e+01
9.600900833765555831e+01
8.331710842746987566e+01
8.484239940082240139e+01
8.590827827147883511e+01
8.130098935241009883e+01
9.259557032556109846e+01
8.402371019920516915e+01
8.747217370880559884e+01
8.641088560802015195e+01
8.243554206743384327e+01
8.160112801073113076e+01
8.350469857398152840e+01
8.243401273032850440e+01
8.467203966859813136e+01
8.428877085788647605e+01
8.364956780391824509e+01
8.661903014628083497e+01
8.347182964321308418e+01
8.263993131963664496e+01
8.198737448833088592e+01
8.545335853748201771e+01
8.278978050763933538e+01
8.352826876223788588e+01
8.526609083728780547e+01
9.350266126576450176e+01
8.140211395360631741e+01
8.829811718529884956e+01
8.467283709894050503e+01
8.366190831489613799e+01
8.276978590477054354e+01
8.550579381718397087e+01
8.501439082628908750e+01
9.600900833765555831e+01
8.331710842746987566e+01
8.463746347652059399e+01
8.579967477060034753e+01
8.685403134752198184e+01
8.967924473475392233e+01
8.402371019920516915e+01
8.850676932234280514e+01
8.405110291378085208e+01
8.526507919861499829e+01
8.148905355168682263e+01
8.105857789923732071e+01
8.086693517261390696e+01
8.658436027185625505e+01
8.428877085788647605e+01
8.380104480160005664e+01
8.093066094602684757e+01
8.347182964321308418e+01
8.227292159546969685e+01
8.471213244550412469e+01
8.169985679939429701e+01
8.488113793309662469e+01
8.375528084508006543e+01
8.526609083728780547e+01
9.033868130658815687e+01
8.140211395360631741e+01
8.858457276228247679e+01
8.317596488134527988e+01
8.457474235840491872e+01
8.365100771118306966e+01
9.147074975860857649e+01
8.183169339317737467e+01
9.048122543226796211e+01
8.331710842746987566e+01
8.471038145186368240e+01
8.647779514282655100e+01
8.576493627829964339e+01
9.155010267952003744e+01
8.326808067409021419e+01
8.409451203686234066e+01
8.667712195734969782e+01
8.419659054102741891e+01
8.148905355168682263e+01
8.982334362425187635e+01
8.085866135125826304e+01
8.658436027185625505e+01
8.240273513823792939e+01
8.303444300497253039e+01
8.164587251397439616e+01
8.597634588828107383e+01
8.108213242831912737e+01
8.406559035294132798e+01
8.169985679939429701e+01
8.121416890981595316e+01
8.778657766166845988e+01
8.852899475195985701e+01
8.537028732586236401e+01
8.024264627536437899e+01
8.548711481362003894e+01
7.993334928562967434e+01
8.322851091669461709e+01
8.359310368126695323e+01
9.341940827039469752e+01
8.523838287187079743e+01
8.544263454745849629e+01
8.331710842746987566e+01
8.244027690208282877e+01
8.725758125411971378e+01
8.251790554897377206e+01
9.155010267952003744e+01
8.222575265056482863e+01
8.140436611214558127e+01
8.735614093404805658e+01
8.155416306226511836e+01
8.148905355168682263e+01
8.353707537996758958e+01
8.215240495037512858e+01
8.658436027185625505e+01
8.635068515956530177e+01
8.303444300497253039e+01
8.171327983666118655e+01
8.491720947189091362e+01
8.045148839463398360e+01
8.248599915502119018e+01
8.195968464381647323e+01
8.280463398826940136e+01
8.550163176655544817e+01
8.852899475195985701e+01
8.139616948868325608e+01
8.036437448179408705e+01
8.425754660832360798e+01
8.593491383806414774e+01
8.299004821438430213e+01
8.082952613570651579e+01
8.813177797257453960e+01
8.166929742385772784e+01
8.620179833578248463e+01
8.214231228098459781e+01
8.208958172622810423e+01
8.777672801986351203e+01
8.455149636943497171e+01
8.972306996805377821e+01
8.322231173258411729e+01
8.398592932403349209e+01
8.735614093404805658e+01
8.166178169813284171e+01
8.246072044127068068e+01
8.088856920933926631e+01
8.215240495037512858e+01
8.675786850512733395e+01
8.635832824335085434e+01
8.661638380258281700e+01
8.583964631264419154e+01
8.417268377242625377e+01
8.229219353806691117e+01
7.998016454218479510e+01
8.328837639051918984e+01
8.586236012825416708e+01
8.550163176655544817e+01
8.380360315172724484e+01
8.447064171147498257e+01
8.019862347151487825e+01
8.238306647298013274e+01
8.118318262204589075e+01
8.270609713454281575e+01
8.116486106182385640e+01
8.369020613234582129e+01
8.493801360284780344e+01
8.363327731344340066e+01
8.115326547568714943e+01
8.343122864657428295e+01
8.841922459985170235e+01
8.581422807111758289e+01
8.672714237615697641e+01
8.403210854445683253e+01
8.839707557813942174e+01
8.356003943418771485e+01
8.308156510456778676e+01
8.246072044127068068e+01
8.229012439841264381e+01
8.085701813758934975e+01
8.563483360127953858e+01
8.428099136655781365e+01
8.006696697782618344e+01
8.360016558753343929e+01
8.038759247846286371e+01
8.356810452917447662e+01
8.345195370426591808e+01
8.472238224561458253e+01
8.586236012825416708e+01
8.557182200287527962e+01
8.797882199918353763e+01
8.932115379080443063e+01
8.019862347151487825e+01
8.455690002046522125e+01
8.135338817440170089e+01
8.503687784836508001e+01
8.062917507385714089e+01
8.693200644494849882e+01
8.069228489718166486e+01
8.955545258771809358e+01
8.401444459214310712e+01
8.327780241230205149e+01
8.841922459985170235e+01
8.875290143032312074e+01
8.523173823090579049e+01
8.403210854445683253e+01
8.729871628926335347e+01
8.298582214585366046e+01
8.316776080985955844e+01
8.316143874917332823e+01
8.421384443394457264e+01
8.091574311581604206e+01
8.181709874007944450e+01
8.428099136655781365e+01
8.196071376890687077e+01
8.163254672685759772e+01
8.039031473516561732e+01
8.068442808345417916e+01
8.127498292807453595e+01
8.256825376837707609e+01
9.350992842802038751e+01
8.557182200287527962e+01
8.444015870408429691e+01
8.933255678467122607e+01
8.028646212095087265e+01
8.079384293436235964e+01
8.491098024984215442e+01
8.444791739243987649e+01
8.159679970706457652e+01
8.511482036603187851e+01
8.294463686625398680e+01
8.304499663852217850e+01
8.111556453064409311e+01
8.121864045955628342e+01
8.356854497734792631e+01
8.049535222003432011e+01
8.538439216668623999e+01
8.412469271025786099e+01
8.914852463545177841e+01
8.927506451178422253e+01
8.675141049894928358e+01
8.283807687276274123e+01
8.239855908551410835e+01
8.226588028708901845e+01
8.180080199056878598e+01
8.510323157069007038e+01
8.085572182233701710e+01
8.541098224051192744e+01
8.146234957714793268e+01
8.998786241487056259e+01
8.613116417841553130e+01
8.181165668791440737e+01
8.100833736537329344e+01
8.856994229914727157e+01
8.786695010970717590e+01
8.937597894967073842e+01
8.036302943289638279e+01
8.639344212618888719e+01
8.734793922113829012e+01
8.611205557278162814e+01
8.028398900558815399e+01
8.511482036603187851e+01
8.058724870885804137e+01
8.453939805313163447e+01
8.104545607876600855e+01
8.212766163221314741e+01
8.388980591486168237e+01
8.063185400068847741e+01
8.464481900738184095e+01
8.227914433254429127e+01
8.138812082872993869e+01
8.043587131770648568e+01
8.449014853478630016e+01
8.317866176756109553e+01
8.122121920271760587e+01
8.277572109164846381e+01
8.126933854527922563e+01
8.183562662736591165e+01
8.080884459093823580e+01
8.541098224051192744e+01
8.048060154046081038e+01
9.112537328662870095e+01
8.037031015829350622e+01
8.166925691609232274e+01
8.124089034285495359e+01
8.721512657284347370e+01
8.496959044063153499e+01
8.353803381830843477e+01
8.073512458743232401e+01
8.811229490051411517e+01
8.600920618214821900e+01
8.558377365581567631e+01
8.060618228913904204e+01
8.511482036603187851e+01
8.058724870885804137e+01
8.527715204427846629e+01
8.230350967074642199e+01
8.140066068668485855e+01
8.388980591486168237e+01
8.061979404089683499e+01
8.551895462917022428e+01
8.227914433254429127e+01
8.384025326666014166e+01
8.041882515857741964e+01
8.045825505948080547e+01
8.143838300241205275e+01
8.231117152579113849e+01
8.225804888559530070e+01
8.186301831288682251e+01
8.404621271617138234e+01
8.279948245518734495e+01
8.641247760798205491e+01
8.232110874167244674e+01
9.097591785749264659e+01
8.277185038247829141e+01
8.317239264346284244e+01
8.277354740608313932e+01
8.187738447249897433e+01
8.278617298508376621e+01
8.146284709435377636e+01
8.466959772280388563e+01
8.828486247538945975e+01
8.675931265860727137e+01
8.716258156860861561e+01
8.447380249043077072e+01
8.341667330424451166e+01
8.241178823476251125e+01
8.637846290159677665e+01
8.099332638576932197e+01
8.109263004521116613e+01
8.463220077477917869e+01
8.061979404089683499e+01
8.565756841856057235e+01
8.252220027719508266e+01
8.568337303023068330e+01
8.081768417029043405e+01
8.104058598490802012e+01
8.143838300241205275e+01
8.101879682519410153e+01
8.431260113755945440e+01
8.211661209711805043e+01
8.628069077407286613e+01
8.484440959744136990e+01
8.569912402072466762e+01
8.474319352802956473e+01
8.805254913052225163e+01
8.259965577323573882e+01
8.390624588483606772e+01
8.133693925219569110e+01
8.929909196305688113e+01
8.182261104302953925e+01
8.759462916828121593e+01
8.226751387337566257e+01
8.677787021260743927e+01
8.533802219535409961e+01
8.716258156860861561e+01
8.461601002009813044e+01
8.092058863218861120e+01
8.537912254599974915e+01
8.737903323844128067e+01
8.069891496371849371e+01
8.337028355227278098e+01
8.405542112388559417e+01
8.372069847785327568e+01
8.672347970719214061e+01
8.640348730151087864e+01
8.390927176657623932e+01
8.068474088468387606e+01
8.196722832839250827e+01
8.143274570903344056e+01
8.016889772636847056e+01
9.033339507372438959e+01
8.217162617914492273e+01
9.403408883854460498e+01
8.229058821893775644e+01
8.970323731184508631e+01
9.207366743124524078e+01
8.614434508699991966e+01
8.027212232967502814e+01
8.246288609640586742e+01
8.148326760892071263e+01
8.220637272156298536e+01
8.039536941014824833e+01
8.093626922850512528e+01
8.262041055912419552e+01
8.677787021260743927e+01
8.725827426060394032e+01
8.176438515814206198e+01
8.594704723575739536e+01
9.119657598472508653e+01
8.188691143163141817e+01
8.766164497373392805e+01
8.598756484345017270e+01
8.289954744658726327e+01
8.390502043912351837e+01
8.403216704780066948e+01
8.545828995292991692e+01
8.640348730151087864e+01
8.812850446796674930e+01
8.082438782560794266e+01
8.192060309356521941e+01
8.044871002625781387e+01
8.236723397443279282e+01
8.364463643153399630e+01
8.429682439393231164e+01
8.430209812189907836e+01
8.344400008995421558e+01
8.568543364060224121e+01
8.736491718099985349e+01
8.644169041810400245e+01
8.549130528871282309e+01
8.261051791836591462e+01
8.012596899549295415e+01
8.244384878243619141e+01
8.247431214166944358e+01
8.385906597359297621e+01
8.292297189584525086e+01
8.125094800058791122e+01
8.310041687357620788e+01
8.745388742812123439e+01
8.534185498715332585e+01
8.842196981084823904e+01
8.239106426666157290e+01
8.722315413157770081e+01
8.483915624104909625e+01
8.289954744658726327e+01
8.390502043912351837e+01
8.102548914870241958e+01
9.447547764695745798e+01
8.161011933154517806e+01
8.324733815147520488e+01
8.358899832725271040e+01
8.525458100045493381e+01
8.403233019874220133e+01
8.036742492420542305e+01
8.386703086940528351e+01
8.329210612457379170e+01
8.696928266550200703e+01
8.557888201634735026e+01
8.568543364060224121e+01
8.953765022678462060e+01
8.367422747008021133e+01
8.280176200911350293e+01
8.370613192643369871e+01
8.776804890853065899e+01
8.756942563192765761e+01
8.498854308312988337e+01
8.356928300747880201e+01
8.186689565655275658e+01
8.185882328571841526e+01
8.328884492140117857e+01
8.752100261390128821e+01
8.534185498715332585e+01
8.174615553520490607e+01
8.008480683224115637e+01
8.699837476625658894e+01
8.483915624104909625e+01
8.549782301067399715e+01
8.390502043912351837e+01
8.205786854465520719e+01
8.499260947900808105e+01
8.479459746331805547e+01
8.841349018371165869e+01
8.268752550259996781e+01
8.509797512242451489e+01
8.403233019874220133e+01
8.436726680046267290e+01
8.405767931287648764e+01
8.052572704908642720e+01
9.908605743711800073e+01
8.525498932890441495e+01
8.332452765362724278e+01
9.372514295439094667e+01
8.249691072235604850e+01
8.280176200911350293e+01
8.354406350282751248e+01
8.509274624044378754e+01
8.546227962625502528e+01
8.180176814914850070e+01
8.365814020743772517e+01
8.186689565655275658e+01
8.185882328571841526e+01
8.328884492140117857e+01
8.388407700996015137e+01
8.049329163908808482e+01
8.267725900902529190e+01
8.314389350097744114e+01
8.823285369646553988e+01
8.186917820925505396e+01
8.349711548344231460e+01
8.201223113478751259e+01
8.159165244477799206e+01
8.499260947900808105e+01
8.339884643971112155e+01
8.767509063560859772e+01
8.203743939350830772e+01
8.509797512242451489e+01
8.142799713899606218e+01
8.524474029380603213e+01
8.405767931287648764e+01
8.049462835034783836e+01
8.700899928060174204e+01
8.744419649231321046e+01
8.664551488622682029e+01
9.372514295439094667e+01
8.635392450856288349e+01
8.334962462064316924e+01
8.133925762599223219e+01
8.345076025219059090e+01
8.522169521577842488e+01
8.272139664812111448e+01
8.404231588120070739e+01
8.162033704929926614e+01
9.195514411979181091e+01
8.279079344904485538e+01
8.366924663617439251e+01
8.726984394986587290e+01
8.256983736205185664e+01
8.084209837771136620e+01
8.522447366291467574e+01
8.335781808309883445e+01
8.545161578128553970e+01
8.039833711039436537e+01
8.698444857794605412e+01
8.853481361234996427e+01
8.194306987572498713e+01
8.280548273179023511e+01
8.324025627850616615e+01
8.110076850299971341e+01
8.235639008271496664e+01
8.524474029380603213e+01
8.575102966153659168e+01
8.033750395687694379e+01
8.705545749257805710e+01
8.631988089273050946e+01
8.664551488622682029e+01
9.633541429237884302e+01
8.151377314640031102e+01
8.190539807490348778e+01
8.493317793029287088e+01
8.318995870305217011e+01
8.623896864283211983e+01
8.438276232402657229e+01
8.214580711587358053e+01
8.186265087109782712e+01
9.195514411979181091e+01
8.377277804448337406e+01
8.366924663617439251e+01
8.726984394986587290e+01
8.142367138306302365e+01
8.330601268790955771e+01
8.522447366291467574e+01
8.320475057396998864e+01
8.545161578128553970e+01
8.365231626913805485e+01
8.755959484450106345e+01
8.930634591786734688e+01
8.314412222720342527e+01
8.280548273179023511e+01
8.548266287819330955e+01
8.174429378559464965e+01
8.282068217931725940e+01
8.524474029380603213e+01
8.091182993617064767e+01
8.814319394739096936e+01
8.467032399299358758e+01
8.775434296851308602e+01
8.664551488622682029e+01
8.555177110757219339e+01
8.941052725107913091e+01
8.276811079189312181e+01
8.489469283834607438e+01
8.318995870305217011e+01
8.402606314169966595e+01
8.203480733773088218e+01
8.157526692099611410e+01
8.435910194901813952e+01
9.983375478825574589e+01
8.356096199190854179e+01
8.483987315548253605e+01
8.443647534119834575e+01
8.291530539267871802e+01
8.442255732172394289e+01
8.163221569094680774e+01
8.716292568168425703e+01
8.277796512209079083e+01
8.698707981743864082e+01
8.056503359643457429e+01
8.754133700398089957e+01
8.549257508916763015e+01
8.193941805842439408e+01
7.982716360888545637e+01
8.156693945535795365e+01
8.282068217931725940e+01
8.465601169458858521e+01
8.071882560028528530e+01
8.433909204148876881e+01
8.722773260042632160e+01
8.646479552972174076e+01
8.132618324880422733e+01
8.842725237818675055e+01
8.610364695093603871e+01
8.172702512996424673e+01
8.489469283834607438e+01
8.322658444238467723e+01
8.421185055728611246e+01
8.168939753734798614e+01
8.197470002925160770e+01
8.435910194901813952e+01
8.520250375033637624e+01
8.447811050398833288e+01
8.553863934986280526e+01
8.570552438780761406e+01
8.202852442315223414e+01
8.434404465814982643e+01
8.365100330761374892e+01
8.158789805024903785e+01
8.243219828306422414e+01
8.060655608310526077e+01
8.390019053471763755e+01
9.349314975868314548e+01
8.595324941617417380e+01
8.220196988891800061e+01
7.979815562113590488e+01
8.092215181688472114e+01
8.385960962923284967e+01
8.465601169458858521e+01
8.071882560028528530e+01
8.767041562086212991e+01
8.530887564693010461e+01
8.792937261709714392e+01
8.106666745385324191e+01
8.270144898701597924e+01
8.172598322336939702e+01
8.689554305731927286e+01
8.275082306787125219e+01
8.203398236915191433e+01
8.818025512473994354e+01
8.474352213533751410e+01
8.253451459859039119e+01
8.681988365097059557e+01
9.075900073772989174e+01
8.660927653263641446e+01
9.031103215065917311e+01
8.401292316769658441e+01
8.130868857288373874e+01
8.423428585913667632e+01
8.090673422588471908e+01
8.320601636856676464e+01
8.254828509346840804e+01
8.274612405248117852e+01
8.231758764921764282e+01
8.428936640973822136e+01
8.850642197648093656e+01
8.321845514079149098e+01
8.043599206908145050e+01
8.060868411782468002e+01
8.385960962923284967e+01
8.465601169458858521e+01
8.133046956704910713e+01
8.990477243400609098e+01
8.607852043838568079e+01
8.783334332006828049e+01
8.295217039827235794e+01
8.270144898701597924e+01
8.117204768474869070e+01
8.492738803229252653e+01
8.446339536269969983e+01
8.736768017867632352e+01
9.525307117636228327e+01
8.539595144947065819e+01
8.905765358252853048e+01
8.799363770576930222e+01
9.131318270499214407e+01
8.607197812386979763e+01
8.461873564917027579e+01
8.145229782081467818e+01
8.728795172394562485e+01
8.451577232257413641e+01
8.090673422588471908e+01
8.394169919463567453e+01
8.338354125300025999e+01
8.139128597894854522e+01
8.249467817783136070e+01
8.681965253649349279e+01
8.484013010959283463e+01
8.332884951260416528e+01
8.044742828026673465e+01
8.064743958175309047e+01
8.814317831415293369e+01
8.532512781912858202e+01
8.019703872513561294e+01
9.255690305248064931e+01
9.559397485262412886e+01
8.271819164705455307e+01
8.220189989358698313e+01
8.237179291876360310e+01
8.268928445970725249e+01
8.540694252603776704e+01
8.601343119622048050e+01
9.056758081465976318e+01
8.471665193362260027e+01
8.192901238170169620e+01
8.574222662413868079e+01
8.410096676969638452e+01
9.372317088967753307e+01
8.721007481348883061e+01
8.102985301599113654e+01
8.161032458623282082e+01
8.657875666991394326e+01
8.451577232257413641e+01
8.688735107480466979e+01
8.643137494249316433e+01
8.521400104464089509e+01
8.139128597894854522e+01
8.193892139098062444e+01
8.937057974708990571e+01
8.465603546960487336e+01
8.184332508698986430e+01
8.046265821721954126e+01
8.468267834692444751e+01
9.087310220762969948e+01
8.374701254574588916e+01
8.019703872513561294e+01
9.122733808384373333e+01
9.559397485262412886e+01
8.454444619922696802e+01
8.120078698788464067e+01
8.690495886186192820e+01
8.524238558741780025e+01
8.383108575279176478e+01
8.213624193914806426e+01
8.588229439449516178e+01
8.471665193362260027e+01
8.478918045047713292e+01
8.727852478072006193e+01
8.410096676969638452e+01
8.668542084195128439e+01
8.817632007425628160e+01
8.066966567313296821e+01
8.235354570175006472e+01
8.303704160214853403e+01
8.325419786783677978e+01
8.088059568923669929e+01
8.149302975871007959e+01
8.716718455032680879e+01
8.369898352413369480e+01
7.986719492650959751e+01
8.077315566194886287e+01
8.465603546960487336e+01
8.076900502847470875e+01
8.607825645623564981e+01
8.326092437855808726e+01
8.747823345733785061e+01
8.288160375741195196e+01
8.258511802530124157e+01
8.437998992428991585e+01
8.243609119957919518e+01
8.715284314035383773e+01
8.285376814284867919e+01
8.536351791708641201e+01
8.896795601585287727e+01
8.528052886313827230e+01
8.771066752351639195e+01
8.315695156938727450e+01
8.546552323376077709e+01
9.066736681228043437e+01
8.259858224111944480e+01
8.410096676969638452e+01
8.314453368367901476e+01
8.304427500358704606e+01
8.260024774078158316e+01
8.686768359819055263e+01
8.303704160214853403e+01
8.489526368189552841e+01
8.431590435469694000e+01
8.034080155187423600e+01
8.216268528977134622e+01
8.369898352413369480e+01
8.015151242152975897e+01
8.077315566194886287e+01
8.541667119918602680e+01
8.163506291285547434e+01
8.187269122771439811e+01
8.223772918380903718e+01
8.527269153636747490e+01
8.474233437410296688e+01
8.248452274590874822e+01
8.327832582595365807e+01
8.569972102208538445e+01
8.220723959379182588e+01
8.186488447209184471e+01
8.467630226232466839e+01
8.147987538804326846e+01
8.639359809463209672e+01
8.283979849275269203e+01
8.939350742754963619e+01
8.195032992379663028e+01
9.289670521874931808e+01
8.509730921337052223e+01
8.473155022038167772e+01
8.210614444602424555e+01
8.304427500358704606e+01
8.258998764247985491e+01
8.195127643693196262e+01
8.367373506105957404e+01
9.094652765895990854e+01
7.986175585219039874e+01
8.000859369683554689e+01
8.501577375180308138e+01
8.263234172523580412e+01
7.996296084940644278e+01
8.263951647868789507e+01
9.023771240702320995e+01
8.232042542996853740e+01
8.122492459305969703e+01
8.111899806127152601e+01
8.452267419794831937e+01
8.329245374246103495e+01
8.555267228939452195e+01
8.370249775442643170e+01
8.428379253292523288e+01
8.204610444569017602e+01
8.251188574142885557e+01
8.361196271583163764e+01
8.496061704053411745e+01
8.523093790423968130e+01
8.283979849275269203e+01
8.946459783494732676e+01
8.230655405302840677e+01
8.850801189085197507e+01
8.608214777564850806e+01
8.368681541432061977e+01
8.119753352049455941e+01
8.304427500358704606e+01
8.240276330574967290e+01
8.167845598163621901e+01
8.296330992415384742e+01
8.927888900722645360e+01
8.102002831526762350e+01
7.997320700260134174e+01
8.324194631541575973e+01
8.740116291024429529e+01
8.115978763794223028e+01
8.215358709293028028e+01
8.767724556037971695e+01
8.220198493563599129e+01
9.035838134318699133e+01
8.139820421329503120e+01
8.287383320646343066e+01
8.330193489317379374e+01
8.555267228939452195e+01
8.262735022633293624e+01
8.408204241296185444e+01
8.320594308646502668e+01
8.056230532006448186e+01
8.110380229299191512e+01
8.496061704053411745e+01
8.523093790423968130e+01
8.359058253943950945e+01
8.332113128956669357e+01
8.318133468493121541e+01
8.754589058238742894e+01
8.482860418292216309e+01
8.367715510170293669e+01
8.214096708006398728e+01
8.298301009696449171e+01
8.220860796511502144e+01
8.482825412387633435e+01
8.215067235950576219e+01
8.479869341574816133e+01
8.445672827700813912e+01
8.320536998659174799e+01
8.490138362550879947e+01
8.389978243098353516e+01
8.403382469378294672e+01
8.215358709293028028e+01
8.688949850610362091e+01
8.296066236059272114e+01
8.522548288769196745e+01
8.155719502532183185e+01
8.287383320646343066e+01
8.471146682297387542e+01
8.555267228939452195e+01
8.384900204033671400e+01
8.407074245058363715e+01
8.038353574129705237e+01
8.387078051083418018e+01
8.416900377650620158e+01
8.362748704834993418e+01
9.171345885265168363e+01
8.450852119599878165e+01
8.464394169688119973e+01
8.243611794746156818e+01
8.382553587808085638e+01
8.247206829121854810e+01
8.266278060475622169e+01
8.050322238732221081e+01
8.665096084732513759e+01
8.134816099921738441e+01
8.438052756119390097e+01
8.292860609664128901e+01
8.479869341574816133e+01
8.798740280938194758e+01
8.027430864092410445e+01
8.313862637000330835e+01
8.204264709319849658e+01
8.207774484146614213e+01
8.215358709293028028e+01
9.296454115961815035e+01
8.246513664129102494e+01
8.642599809773028596e+01
8.520347853923711057e+01
8.252008647313384415e+01
8.471146682297387542e+01
8.555267228939452195e+01
8.714308698845707113e+01
8.599209852254816155e+01
