16.4423653539  0.0189534643852
17.3419559872  0.0148507914292
18.431300937  0.0143119310193
22.4123416176  0.0224659547399
31.4164807449  0.0339860084077
46.4481797271  0.0440209804498
54.2287849454  0.0477499270779
57.4921889976  0.0618489403394
93.8445116295  0.0706508148204
114.982202188  0.0895047135318
163.225807483  0.0992635326634
198.457253864  0.0801109374442
220.779794488  0.0670880648471
257.750349505  0.0557684331677
273.237239979  0.0446766146085
273.23167292  0.0399876759211
273.23761112  0.0450080844493
289.655051347  0.036056398378
294.839644932  0.0306447681742
